46 45
40 4 26 9 29 24
2 13 25 4 17 5 41 24 40 46 18 14 12 15 10
24 2 3 12
13 4 40 4 24 26
31 2 3 29
6 14 5 10 44 13 3 30 24 40 34 37 31 46 21 12
18 8 26 4 12 24 9 40 13 29
10 9 44 31 3 29 25 9 18 12 40
9 1 29
46 7 13 31 40 4 29 25 24
43 19 28 18 27 23 45 9 2 4 7 25 35 13 5 17 8 14 19 33 46
17 10 13 29 44 41 12 37 31 14 26 10
37 4 18 40 9 31
23 18 3 44 15 24 10 39 34 1 40 19 37 20 17 7 5 31 33 21
16 16 7 5 27 28 8 10 26 11 39 13 37 18 25 14 45 17
19 12 13 20 37 12 1 5 40 46 2 29 25 45
29 1 3
25 5 9 26 24 29 13
27 20 9 19 15 1 4 2 41 14 31 45 12 33 40 26 17 24 44 23 37 18
26 3 3 9 29
15 9 10 3 37 25 9 41 44 29 5
39 13 10 9 41 2 15 13 18 46 21 44 25 4 14
22 24 4 40 5 24 28 3 32 11 31 30 7 34 45 15 10 21 13 2 46 26 37 35 39 14
5 6 40 31 26 9 4 12
45 10 12 18 10 8 3 41 25 29 15 39
33 17 26 20 41 46 40 21 15 10 2 39 3 34 37 30 9 18 6
7 10 9 13 40 39 41 24 46 5 20 26
14 10 5 9 4 26 31 25 13 18 46 41
30 14 26 8 12 15 31 5 4 17 37 9 21 46 29 41
34 14 30 13 29 5 15 26 46 12 25 14 9 24 4 8
12 2 3 29
1 11 34 21 39 29 8 13 9 20 4 26 3
21 11 44 5 8 41 9 4 25 2 12 40 15
35 15 21 7 4 26 24 13 40 44 39 3 34 6 20 17 8
28 19 36 5 26 1 13 19 17 4 3 33 20 8 37 7 15 24 9 35 25
8 16 37 10 15 44 46 26 24 9 18 14 29 3 12 17 4 41
41 9 18 5 9 29 24 13 4 25 31
38 23 37 45 29 5 26 27 36 28 9 39 3 32 20 11 43 18 7 4 21 19 44 12 15
32 23 5 6 35 16 31 42 34 11 15 17 33 7 28 14 36 29 41 19 43 40 13 4 8
4 5 29 40 3 24 12
42 17 15 27 17 33 37 43 24 2 46 19 20 6 28 30 25 9 41
44 7 25 24 31 29 4 46 9
20 13 5 44 4 10 26 46 13 40 39 15 2 41 9
11 16 18 23 46 34 41 4 40 20 19 17 27 21 2 7 35 6
36 17 15 24 7 25 12 6 1 10 3 30 14 29 40 13 2 8 18

1 0

40 39
11 4 16 17 35 4
15 1 35
18 4 12 15 36 16
19 13 35 18 26 9 37 17 15 11 36 16 4 24 33
17 6 21 35 18 16 12 15
12 2 35 39
25 8 21 12 13 16 33 10 24 15
24 13 9 15 4 37 10 13 22 21 14 12 18 33 23
13 10 36 39 23 10 37 17 16 14 11 1
7 14 32 23 13 27 6 33 21 8 17 15 30 14 22 24
22 3 36 39 21
33 8 14 22 21 17 4 12 35 16
8 9 39 14 24 36 17 13 1 10 16
1 7 35 12 36 4 33 21 39
6 15 32 26 3 19 25 18 8 24 21 22 13 4 33 39 15
36 1 15
28 21 12 2 13 18 26 17 20 25 24 34 35 39 3 10 23 37 4 8 29 19 32
27 13 11 26 18 13 16 35 33 37 39 8 23 25 1
30 18 3 1 37 15 8 14 23 13 36 24 18 17 22 19 27 35 12 11
39 4 15 16 36 35
37 8 4 14 22 17 15 11 12 18
29 14 25 17 35 11 18 7 3 4 1 10 24 33 34 12
2 14 26 19 24 13 36 11 32 23 27 6 22 17 15 37
20 14 27 18 26 32 3 13 2 12 30 36 39 35 9 16
9 9 33 12 11 1 39 35 16 18 14
14 4 12 4 39 18
26 12 39 16 8 14 15 4 25 9 17 22 12 23
3 8 4 24 15 11 18 10 13 9
23 9 37 15 4 11 12 36 16 17 1
16 1 35
21 4 12 35 18 16
34 13 14 3 32 16 13 35 37 30 17 23 8 25 10
40 20 17 27 1 20 22 26 2 28 21 33 34 3 4 9 16 5 23 13 10 6
10 7 11 33 35 36 17 9 12
31 19 28 37 6 13 5 23 1 8 27 21 7 11 26 14 40 12 29 20 22
38 21 18 30 4 32 36 39 34 13 5 20 11 6 40 3 24 25 14 16 35 1 37
4 6 35 22 12 36 15 16
32 15 33 37 18 23 24 12 9 8 25 39 35 26 22 36 30
5 14 28 13 11 27 20 10 19 3 1 8 37 30 4 18

35 33
3 2 34 18
5 12 34 14 21 32 35 3 17 9 23 15 30 24
33 10 34 23 25 18 10 12 1 5 17 6
30 3 6 23 20
23 1 3
14 7 17 18 24 34 12 30 25
13 17 12 18 5 21 28 1 19 17 35 30 29 23 27 34 16 7 31
24 4 21 18 34 3
9 8 6 17 20 24 23 21 18 1
4 14 31 22 18 10 16 33 1 20 6 27 2 15 29 3
28 19 23 29 32 16 27 35 17 21 5 26 1 7 22 24 25 30 12 19 31
32 7 17 24 6 9 21 20 3
1 7 24 30 20 3 6 23 34
22 13 12 34 32 11 30 14 20 15 6 25 3 35 1
15 7 9 24 12 1 34 32 6
29 6 25 20 9 18 6 34
10 2 18 1
7 18 20 25 24 11 3 12 9 2 1 29 31 6 5 17 15 23 26 27
26 14 32 29 23 15 11 3 30 5 1 18 20 35 21 10
20 3 3 21 34
25 6 3 9 12 1 6 24
19 18 23 21 34 35 14 10 15 27 20 17 31 2 9 26 24 12 32 4
6 2 24 20
12 10 32 10 20 9 18 17 21 3 23 34
31 13 35 15 20 1 32 3 11 9 2 21 18 24 6
2 14 3 21 17 10 25 23 12 5 20 18 14 15 34 30
11 10 10 17 32 15 9 29 21 25 18 30
17 5 30 34 18 23 21
21 3 18 3 34
35 12 10 12 15 6 11 9 1 18 3 14 21 32
8 13 14 6 3 11 18 13 4 17 26 28 10 30 23
16 13 15 21 25 20 29 35 3 32 1 18 34 6 12
27 9 21 3 30 20 34 1 17 18 15

40 38
6 10 35 14 19 8 15 39 33 20 28 5
3 8 5 38 27 28 24 35 12 6
38 5 24 40 27 30 6
14 5 9 33 28 35 39
18 14 39 38 27 19 30 34 5 14 1 15 37 4 8 3
8 3 26 19 27
4 8 9 40 24 6 20 19 27 15
24 10 6 5 35 9 15 14 26 40 19 27
36 9 15 39 40 33 9 26 20 35 4
21 16 34 1 7 27 23 40 28 31 30 35 16 29 8 37 36 18
33 1 9
7 14 36 4 12 8 3 9 1 35 40 38 19 39 28 6
26 2 19 33
11 21 29 10 39 40 36 15 18 14 7 12 37 21 13 23 6 27 16 19 38 33 1
12 8 20 5 9 39 6 33 15 14
23 19 10 7 20 36 32 35 24 33 39 28 5 38 12 30 1 40 14 9 18
15 8 28 40 20 27 39 5 26 33
29 14 9 33 38 27 26 30 3 4 10 8 40 7 39 35
34 15 36 35 39 5 27 20 19 3 10 7 26 1 6 12 40
5 1 39
30 10 4 20 39 40 8 33 36 24 9 19
28 7 20 39 40 26 33 19 5
25 23 5 23 12 33 2 26 1 20 4 27 19 31 15 34 7 6 8 24 36 14 13 30 9
32 14 40 9 20 12 37 7 24 30 14 28 33 29 35 15
13 15 24 10 15 27 19 20 35 7 33 37 4 5 36 23 28
2 23 20 17 18 33 4 35 7 19 5 39 11 12 38 9 16 15 3 32 14 21 1 30 26
40 5 19 5 20 8 26
16 15 28 40 24 1 6 5 37 7 39 34 4 15 23 3 31
17 16 7 23 32 26 6 39 20 34 40 5 30 15 3 33 29 21
1 13 28 14 5 8 24 12 15 36 27 26 6 33 19
10 14 39 26 33 4 5 37 36 7 20 3 24 38 9 1
20 4 26 5 33 39
35 4 28 20 39 27
22 15 23 28 18 38 36 5 30 4 12 29 37 2 24 9 15
37 13 28 27 12 20 14 26 8 33 19 36 24 39 9
9 1 5
27 4 26 19 9 20
31 16 34 19 18 4 37 39 9 20 6 27 40 26 10 15 33 28

43 40
38 8 12 30 4 7 18 15 28 11
1 17 35 24 12 23 20 38 22 34 41 15 40 19 28 18 29 2 17
15 10 28 7 20 22 3 33 26 11 6 32
19 19 6 40 25 4 32 30 28 26 41 5 33 43 36 34 7 15 13 23 2
17 11 6 2 31 18 8 42 5 22 21 11 4
21 5 25 12 22 11 32
34 14 21 3 32 8 29 17 11 36 13 12 22 15 20 26
39 26 36 14 42 15 32 19 7 12 8 11 17 37 28 20 40 22 31 26 16 25 6 21 27 3 33 10
18 12 29 7 32 5 20 15 22 4 30 3 35 21
14 15 24 35 6 23 34 7 17 11 32 36 4 25 42 28 5
24 12 36 4 29 18 12 32 3 11 5 34 41 7
35 1 31
10 17 28 7 18 6 38 8 16 19 23 26 34 21 11 24 43 14 36
40 9 5 21 4 6 13 32 30 18 25
31 2 42 22
2 6 26 11 32 25 35 6
3 6 21 42 35 26 20 6
43 12 26 28 35 3 31 8 30 17 11 29 40 18
9 23 1 38 41 42 32 24 40 16 35 23 18 29 36 30 2 21 14 4 11 26 10 25 5
29 12 30 11 32 33 13 22 5 12 2 15 28 3
33 10 30 42 21 28 35 11 6 12 31 32
23 17 21 4 13 6 30 24 11 34 36 17 18 22 5 33 31 40 32
12 2 28 22
7 13 42 25 11 20 32 33 26 21 31 22 2 28 3
5 10 32 4 20 25 6 22 21 2 31 7
26 7 32 28 42 22 6 31 25
41 10 42 30 20 5 13 18 33 4 28 11
16 18 12 35 7 24 41 11 34 17 25 21 28 30 36 23 29 40 19 26
6 2 42 32
37 16 14 6 2 18 5 12 30 15 28 29 3 4 22 1 23 26
22 2 42 32
11 5 22 25 31 32 42
13 10 35 21 31 26 32 22 6 33 12 3
8 11 29 25 31 20 28 4 18 42 15 30 33
27 15 34 37 16 15 22 9 17 42 20 25 5 29 28 35 30
30 4 32 28 25 31
36 17 4 22 21 38 26 8 7 12 2 41 42 33 31 3 25 15 13
4 11 25 32 7 15 12 13 30 2 20 28 42
28 2 42 32
20 7 26 28 11 30 32 42 22

16 13
13 1 11
12 7 13 10 7 1 2 6 16
10 5 2 15 14 8 16
9 4 11 1 8 4
3 2 1 16
15 3 11 13 8
6 3 7 8 10
1 3 13 15 11
16 2 14 8
14 2 2 13
7 3 14 10 16
5 7 13 7 11 14 6 1 8
4 6 13 11 6 10 1 2

26 24
12 3 15 22 2
6 7 26 12 3 9 4 7 25
25 4 7 4 22 15
21 6 26 22 10 5 25 12
26 3 2 15 4
5 3 22 12 25
23 8 17 1 24 4 5 6 14 15
9 5 26 2 7 15 22
18 10 4 20 15 13 1 25 14 2 5 9
16 7 4 22 26 12 9 3 2
15 2 2 4
13 9 14 15 25 9 26 17 3 2 22
20 10 24 13 1 21 15 22 25 2 6 17
24 8 6 7 4 2 17 12 10 15
8 14 16 12 18 15 17 11 5 4 3 9 10 24 23 21
17 6 5 9 4 3 16 12
4 1 2
19 12 2 23 24 5 16 12 22 10 15 25 26 3
1 9 7 9 21 14 5 17 15 3 13
14 6 2 4 22 5 25 7
11 8 18 16 5 26 6 23 25 13
10 6 5 26 14 16 3 7
2 1 22
3 7 26 5 12 22 25 4 7

1 0

40 37
25 12 31 2 19 12 16 17 5 21 9 27 18 35
21 8 39 19 11 5 31 40 17 27
18 6 22 6 3 11 9 16
6 5 38 16 3 22 5
36 11 16 17 3 21 12 18 35 2 39 40 6
29 12 3 22 9 2 40 25 18 35 38 39 31 17
10 16 29 18 19 5 34 2 6 38 36 3 31 39 25 35 33 11
3 1 5
34 10 39 9 25 5 17 29 19 11 3 2
7 11 11 17 18 36 34 12 9 40 16 39 2
31 7 39 5 16 27 3 9 40
14 14 12 9 6 13 29 5 40 19 23 39 33 27 2 35
12 9 39 6 18 16 2 21 3 9 5
27 3 9 6 5
20 15 24 6 3 23 2 19 5 14 12 10 37 4 17 38 31
2 6 17 22 27 38 16 11
33 15 9 35 22 37 29 17 12 16 3 18 11 6 27 39 34
39 7 16 38 11 9 18 5 6
37 8 16 12 2 9 22 5 18 21
17 5 22 5 27 38 6
28 17 11 29 25 32 39 5 19 10 22 24 16 34 7 35 14 12 31
15 18 21 3 26 27 2 40 38 9 23 22 13 17 34 5 33 19 39 10
23 14 22 33 13 3 31 5 27 12 26 2 40 29 34 38
32 16 34 10 16 19 1 11 12 17 37 24 26 6 5 31 29 18
26 12 17 37 29 34 2 3 10 21 35 13 9 7
1 15 9 21 27 35 14 26 25 18 31 33 34 2 10 5 11
9 3 38 6 3
30 16 20 21 17 36 38 34 5 3 22 40 39 37 2 23 15 26
22 2 3 5
35 9 18 31 40 16 11 17 9 12 3
8 16 13 14 18 10 12 9 6 22 33 17 36 35 5 27 29 38
13 12 17 40 31 6 19 9 11 10 7 22 2 37
19 7 22 38 2 16 17 40 11
40 5 27 18 6 5 17
16 2 38 5
4 19 22 12 3 35 18 13 40 25 37 11 27 9 21 31 33 1 19 16 29
24 14 31 13 37 14 23 6 33 21 5 19 3 4 38 27

22 19
17 8 5 15 10 9 1 21 16 2
15 7 5 22 10 1 18 16 20
7 7 21 1 10 16 22 15 2
16 2 2 22
6 7 15 19 18 1 5 4 20
21 8 1 18 4 10 20 16 5 22
11 6 21 4 22 10 2 14
5 5 2 1 20 22 10
3 7 4 17 10 21 7 9 5
10 1 2
8 6 11 3 2 22 14 9
14 7 19 22 15 9 3 21 2
4 6 2 22 16 5 18 10
18 2 1 20
9 5 22 2 1 16 18
13 11 15 20 22 7 1 10 17 11 21 14 5
12 14 8 18 1 14 19 21 16 6 4 22 2 15 10 17
19 4 9 5 10 18
22 3 1 20 2

14 12
11 2 2 8
4 5 3 1 7 6 11
9 9 14 1 5 10 6 3 4 8 7
10 2 2 8
1 5 7 8 3 12 2
14 4 5 10 2 8
3 6 2 12 7 8 11 10
5 2 8 7
13 5 14 11 6 5 3
7 1 11
6 5 5 8 10 3 14
12 2 8 2

42 39
21 17 22 17 27 31 12 24 8 26 41 39 29 4 14 23 19 37 28
25 9 12 24 16 27 26 29 17 30 20
27 2 24 30
16 6 32 24 41 27 13 30
41 7 33 12 27 19 2 24 29
11 17 23 28 24 35 20 33 9 25 14 19 2 26 1 15 16 41 39
23 8 13 33 17 19 26 12 29 27
40 21 27 20 30 41 11 42 2 14 23 22 1 21 26 5 8 10 25 3 34 12 33
1 11 19 8 16 17 23 13 31 25 24 33 12
6 17 19 17 39 12 26 13 42 29 21 20 15 38 4 34 25 11 33
29 4 13 12 19 2
31 9 30 33 23 4 39 15 35 13 2
7 17 23 12 8 4 22 18 35 30 33 32 24 25 28 40 2 9 21
35 6 33 29 13 41 32 27
9 13 2 23 25 15 39 20 41 22 17 35 29 12 4
13 1 24
4 9 26 30 15 35 25 17 19 2 13
34 16 5 39 30 13 42 19 23 15 24 33 9 14 28 17 22 4
15 7 16 26 2 23 33 12 20
26 6 24 32 19 13 16 29
42 15 2 23 15 27 29 41 25 19 20 13 32 4 14 33 26
22 11 15 32 13 16 27 2 26 17 12 39 30
39 6 15 2 4 35 24 32
5 13 22 39 27 9 25 19 31 23 28 37 13 1 42
32 1 13
33 5 29 13 27 32 2
12 3 2 19 24
38 24 22 2 35 27 9 20 16 25 31 30 13 29 17 41 42 12 24 14 8 11 10 15 19 5
37 8 24 39 32 16 13 42 15 33
17 10 41 24 27 32 33 2 29 13 16 30
30 2 2 13
28 11 37 16 22 23 12 31 9 39 17 2 13
10 15 1 28 24 35 25 26 15 30 5 39 42 12 41 4 29
20 12 35 13 23 32 17 27 24 29 41 16 30 2
14 9 26 32 16 30 41 15 35 23 27
3 17 29 35 1 16 10 26 25 2 27 8 21 23 32 30 20 31 24
36 23 15 38 21 23 37 42 20 12 18 32 13 19 6 26 33 7 34 17 4 35 16 27 25
18 17 37 23 42 29 39 20 21 35 1 32 30 41 27 15 9 8 17
8 10 26 29 24 39 14 30 12 16 9 23

46 44
13 9 37 18 32 45 14 46 27 33 30
19 9 45 32 24 33 25 18 46 30 13
3 26 29 35 46 8 45 30 40 9 7 38 36 11 2 1 44 43 41 20 24 23 18 31 37 39 26 19
2 18 37 30 8 20 34 18 40 13 12 38 45 22 7 6 25 33 27 26
30 8 32 14 27 25 18 37 38 46
22 12 46 13 11 7 18 38 26 37 6 45 10 25
45 7 33 46 38 25 27 30 37
41 19 26 15 14 38 43 37 36 24 35 6 44 30 12 27 25 46 33 5 40
26 8 1 25 24 14 33 7 27 8
21 21 44 18 12 40 10 36 26 14 34 8 11 19 27 37 13 33 9 7 2 38 22
35 17 40 11 26 36 37 22 8 38 45 32 2 30 27 46 20 1 6
29 19 31 10 13 21 20 16 4 14 19 39 6 35 38 33 30 17 34 44 37
24 4 34 30 27 25
32 3 38 33 37
9 20 38 18 36 1 19 45 20 34 40 33 7 32 37 44 12 24 10 14 6 22
15 14 32 45 2 7 46 39 34 16 17 38 21 5 24 13
14 3 18 27 38
37 3 27 18 25
31 16 22 34 13 8 12 10 46 32 27 38 18 33 37 6 1 30
36 14 11 25 38 12 7 31 45 8 18 1 32 27 10 2
34 1 38
7 4 33 24 25 30
16 13 27 45 38 13 6 14 46 25 12 24 28 33 35
43 19 25 13 6 28 38 8 36 20 44 21 9 40 2 14 34 7 46 19 35
39 16 38 20 27 37 28 45 44 14 18 13 11 1 31 40 34 21
8 7 46 25 27 38 18 30 33
6 14 34 38 7 18 19 27 32 1 46 40 11 30 33 10
11 9 27 25 19 10 33 38 14 37 32
10 10 1 13 34 27 46 33 18 14 24 38
20 12 7 1 40 30 26 45 14 13 11 8 34 46
1 9 45 46 37 24 30 18 38 25 13
18 1 33
17 22 25 18 10 45 20 22 12 1 16 37 27 13 32 40 39 7 36 46 44 31 8 35
23 28 7 18 33 15 37 46 39 6 24 27 12 43 17 40 22 26 35 8 16 32 36 29 34 11 13 2 25 30
4 26 14 25 1 10 43 8 6 18 27 45 39 32 13 19 36 20 17 31 38 34 5 35 37 46 24 26
12 12 7 37 45 8 24 34 46 26 19 30 40 22
42 21 31 33 25 4 1 15 17 20 22 24 35 44 10 19 30 38 5 46 9 7 18
46 3 33 38 25
40 10 46 30 1 25 32 13 24 19 8 26
28 14 33 37 6 25 32 12 2 35 20 11 44 1 19 30
25 2 14 34
5 21 20 35 38 45 17 11 30 28 34 36 24 13 25 37 43 1 46 16 10 40 6
44 17 31 11 35 30 26 13 34 8 14 46 2 40 25 20 24 27 33
38 2 27 33

43 41
40 19 7 35 30 15 25 12 10 4 42 38 19 14 28 36 20 16 8 6 26
10 1 5
7 12 2 41 20 27 14 12 3 29 16 21 8 23
43 15 32 18 12 34 33 37 14 23 8 1 30 6 26 3 35
14 4 5 18 23 27
22 16 41 18 31 20 19 25 24 10 13 7 39 28 33 15 34 32
4 6 18 23 15 30 27 3
12 13 27 8 10 30 29 18 1 14 23 15 21 41 5
20 8 4 5 8 18 3 30 26 14
36 13 43 15 34 6 1 14 38 29 21 19 30 26 20
13 20 14 12 15 5 17 38 7 1 20 36 6 3 31 16 43 28 29 23 21 4
30 3 15 5 3
38 9 30 27 14 15 1 23 3 26 16
41 1 5
19 18 12 31 38 16 30 7 3 21 29 32 33 37 2 14 28 4 41 8
29 8 18 23 27 5 4 14 3 20
6 18 26 15 10 20 8 29 3 35 14 2 1 5 27 32 7 23 12 11
17 13 30 1 29 5 21 20 41 27 23 32 15 18 12
2 7 14 30 26 1 8 38 21
3 1 41
25 17 28 31 16 36 4 21 37 2 8 3 10 23 7 43 27 26 35
21 10 4 18 29 20 16 1 30 5 10 38
8 7 30 41 18 15 5 10 27
39 22 23 36 41 13 7 20 25 29 31 37 4 24 34 19 33 28 38 10 21 1 35 5
28 23 17 14 37 38 3 27 33 6 4 41 1 31 21 32 34 30 29 5 11 35 20 7 16
16 7 1 27 20 18 41 23 15
9 21 34 13 24 8 3 4 14 16 15 35 2 26 38 41 31 25 21 33 7 5 32
35 11 5 16 21 12 38 7 23 30 15 27 26
11 13 41 1 5 23 18 15 27 30 20 4 32 14 3
23 1 5
33 17 37 5 41 20 7 6 12 8 17 14 2 1 29 35 23 38 26
18 3 15 3 10
34 14 29 7 4 30 14 35 10 12 3 8 20 41 18 37
26 1 3
31 15 12 4 6 5 27 2 43 34 35 15 10 41 32 1 8
1 7 27 5 41 10 18 14 26
42 21 26 5 29 27 28 2 8 4 36 13 41 12 3 9 24 20 30 14 33 15 7
24 19 4 5 19 30 7 18 37 36 16 26 21 43 35 8 14 6 25 38 3
15 2 41 3
32 7 29 15 1 5 18 12 20
37 13 14 12 10 5 27 4 29 21 15 6 11 7 2

8 6
3 4 2 5 8 6
7 2 5 6
5 1 2
1 5 3 8 4 2 6
6 2 2 4
2 1 4

46 44
32 21 30 10 5 1 23 37 13 20 44 3 46 35 14 41 31 38 36 17 6 28 45
1 15 19 30 44 41 24 33 36 18 15 39 26 14 38 23 28
14 18 28 3 12 37 26 21 33 23 31 19 2 45 6 20 39 16 41 17
27 6 31 41 45 24 12 29
44 16 41 13 21 23 29 17 19 15 38 18 26 14 36 20 7 31
17 8 33 45 23 30 34 39 24 41
28 15 29 2 6 23 37 18 33 36 20 17 12 16 39 27 31
38 11 45 41 31 39 2 37 33 24 19 18 27
36 4 27 29 39 15
25 19 40 35 42 45 30 12 39 43 32 9 4 1 31 44 2 15 23 19 14
21 4 45 12 30 39
39 2 33 12
42 22 35 33 31 8 43 15 41 29 26 13 28 45 39 24 16 22 2 40 1 18 19 21
30 1 45
31 5 39 21 24 30 45
18 8 39 27 17 20 23 15 30 6
40 26 22 5 36 18 46 29 23 1 30 41 16 13 26 8 34 37 10 38 24 21 44 43 35 19 39 11
46 21 37 44 28 7 12 39 18 3 1 34 10 24 16 26 33 23 17 41 38 35 21
37 12 41 36 12 31 23 15 33 18 2 29 6 45
33 2 12 30
41 9 30 12 24 39 2 6 8 31 29
34 7 12 41 27 30 45 8 2
15 7 39 21 34 31 12 27 6
2 3 8 24 21
7 10 31 38 37 41 36 39 33 24 29 17
6 6 24 12 21 45 33 39
10 15 12 8 24 26 16 5 1 17 33 30 31 37 34 21 38
24 3 21 45 39
23 4 30 8 29 41
20 12 3 45 39 27 41 34 12 23 2 33 15 24
8 2 33 30
35 21 12 37 30 17 10 20 41 27 8 19 6 28 2 36 21 44 29 45 34 24 1
16 16 21 8 6 18 19 17 34 39 45 41 20 31 24 36 15 37
11 20 2 28 1 17 21 7 13 38 6 34 5 26 3 41 22 12 39 23 37 45
13 13 39 15 45 36 41 33 26 27 23 34 19 14 28
26 13 38 27 41 15 33 30 6 16 39 31 19 24 23
5 16 16 18 37 3 23 30 20 31 27 39 7 29 38 12 45 28
9 24 38 6 14 33 5 10 11 46 26 23 2 21 17 12 18 27 43 45 19 7 20 41 37 31
22 20 1 7 27 28 8 18 19 26 24 46 29 44 23 16 38 34 12 15 37 33
29 3 33 21 8
3 11 41 31 45 24 8 36 12 30 33 29 34
19 10 18 31 21 3 36 45 20 15 30 2
4 18 20 46 36 1 16 3 30 6 34 38 17 18 37 12 31 29 32 19
43 17 2 29 28 44 46 3 23 30 45 11 19 5 18 8 15 34 35

19 17
6 6 18 11 2 19 16 9
17 8 2 6 12 1 16 13 11 8
18 2 3 16
8 5 16 6 11 2 9
7 10 12 16 5 11 8 9 13 3 15 17
15 10 19 3 16 11 1 2 8 9 5 13
19 1 3
5 6 18 2 11 9 3 6
16 2 3 19
12 8 14 3 9 6 2 19 18 11
2 4 9 18 11 19
1 4 2 19 18 11
14 7 6 9 1 18 3 19 2
4 4 2 6 1 11
13 7 1 2 19 6 4 9 8
11 2 9 19
10 8 14 2 11 9 6 3 12 8

32 30
15 5 28 24 21 20 31
25 14 24 17 20 27 9 31 29 1 30 21 11 7 22 28
7 12 32 11 1 21 10 9 6 15 18 13 16 20
22 7 21 29 31 1 28 20 17
3 15 19 15 20 23 12 1 30 6 22 25 4 32 2 7 11
20 4 2 31 17 21
23 18 2 32 17 25 13 28 22 20 10 31 7 26 11 1 30 12 4 29
31 1 21
21 1 17
2 3 1 17 31
18 9 20 6 1 19 24 21 16 11 2
29 7 1 21 31 20 17 28 2
9 8 27 22 29 18 6 11 31 10
5 12 7 3 2 16 28 18 9 22 11 4 10 13
27 6 20 16 22 31 1 13
16 5 19 20 2 1 24
30 7 27 32 10 11 19 31 13
8 26 22 7 3 19 11 20 1 32 24 5 6 26 15 2 31 4 27 25 12 9 17 21 10 29 28 30
26 10 20 7 28 15 10 16 6 2 24 13
4 14 28 24 18 13 22 20 30 29 17 32 15 9 1 2
32 12 20 16 21 10 24 22 18 27 11 28 6 19
14 12 6 21 15 11 31 19 32 17 24 1 26 25
28 6 21 1 17 31 20 19
12 14 16 25 32 13 29 4 9 19 7 11 20 6 18 26
10 6 29 15 16 17 11 31
13 6 1 21 2 24 17 19
6 8 24 1 29 11 21 16 20 28
11 8 20 17 24 21 29 15 19 13
24 2 17 21
19 3 17 31 1

14 12
6 3 3 1 14
11 9 9 1 4 12 6 5 3 8 13
5 1 14
13 4 10 9 12 6
14 1 1
10 3 1 12 3
4 6 10 3 6 8 9 1
8 4 5 14 12 3
2 5 11 6 9 3 14
7 4 8 5 9 1
3 3 1 9 12
9 2 14 12

26 24
14 9 25 2 1 10 15 4 9 20 22
22 4 4 8 6 5
5 4 24 1 20 4
12 11 21 9 8 20 14 4 23 19 5 24 6
7 6 24 8 5 13 1 4
1 6 25 4 20 8 23 13
26 8 4 13 25 23 2 7 1 6
2 4 7 24 1 5
16 6 13 1 23 4 5 18
25 1 20
6 5 7 20 23 8 24
15 14 25 10 22 2 6 17 26 23 24 8 16 20 1 18
18 8 20 8 5 4 26 24 2 7
20 1 8
10 6 16 25 24 26 1 5
11 12 19 26 20 8 18 13 17 24 5 23 10 15
13 1 23
4 5 20 13 23 24 8
3 17 7 9 18 8 21 23 14 22 4 1 13 17 10 15 16 6 25
19 8 8 16 17 5 4 23 2 25
21 7 24 13 17 10 23 4 25
23 1 24
17 7 6 7 25 5 2 8 1
9 10 1 10 8 4 2 6 5 20 22 25

47 43
11 15 1 34 13 10 43 3 24 16 19 41 39 31 27 6 36
32 16 47 10 42 17 12 33 36 39 34 30 24 16 35 19 27 23
1 16 36 19 23 37 33 29 12 18 16 43 44 30 27 35 39 15
10 15 1 37 33 18 3 35 12 24 6 29 15 42 13 23 43
34 2 27 31
44 8 36 26 16 23 31 13 30 18
7 16 29 14 19 25 43 18 32 33 11 13 10 17 23 12 44 3
2 17 30 33 40 43 18 7 16 13 47 14 38 23 24 26 27 34 1
8 27 44 34 17 28 10 29 2 1 27 18 23 45 12 25 35 19 40 15 3 7 38 4 31 39 13 47 16
14 22 41 36 23 13 33 30 43 11 44 29 34 12 17 31 35 1 37 3 24 15 10 27
25 13 6 37 23 36 16 43 13 12 15 47 33 26 42
37 6 30 27 31 29 23 36
38 15 15 12 1 43 26 3 47 29 7 14 30 32 27 19 4
15 10 16 29 27 12 34 13 43 30 24 6
12 5 29 18 31 30 27
13 7 16 26 37 29 31 36 12
19 9 30 47 17 24 36 44 26 39 12
40 20 3 37 29 12 34 19 13 38 15 16 43 42 36 41 14 4 1 47 9 11
41 21 23 1 27 29 25 35 13 19 31 12 43 18 17 37 15 30 47 39 33 34 44
46 23 27 34 41 42 20 45 18 30 38 43 13 12 19 35 8 23 40 24 1 14 37 39 10
31 2 18 30
28 21 31 47 39 6 33 27 18 12 23 7 38 34 2 30 44 42 19 4 29 14 17
20 19 33 40 27 19 36 35 29 9 47 3 11 32 43 25 17 39 7 38 34
26 3 23 30 31
42 11 24 30 29 34 37 26 13 12 36 35 6
4 17 25 29 16 36 41 26 37 34 12 30 3 39 19 15 1 13 6
3 12 18 23 31 39 35 36 42 13 47 37 29 17
9 20 43 4 11 47 39 34 17 19 36 24 15 41 32 37 16 33 30 26 6 18
24 8 12 17 34 36 13 37 6 44
5 22 13 35 23 19 33 6 25 44 38 41 43 18 36 11 26 29 39 14 15 22 4 37
43 13 18 24 34 39 37 31 42 17 29 44 26 47 6
21 25 29 43 16 39 1 46 28 11 33 22 12 17 30 36 34 3 38 35 24 27 25 45 37 14 19
16 5 26 23 34 27 29
29 2 27 30
35 12 23 44 18 27 12 31 26 24 13 6 37 16
6 6 23 29 17 31 27 36
33 13 36 16 29 18 39 17 6 34 42 24 30 27 23
47 8 27 12 24 44 29 36 30 6
39 9 6 17 23 44 12 18 26 36 13
45 23 36 33 15 19 17 26 10 13 27 18 30 14 3 7 47 38 43 39 16 42 9 4 12
23 5 27 30 34 29 31
17 8 27 29 18 36 16 30 34 37
22 18 23 41 10 17 20 29 14 25 19 31 32 12 39 16 1 6 38 8

28 26
18 9 2 6 28 20 9 17 1 14 27
16 9 7 25 22 3 2 5 19 6 11
24 10 27 11 6 19 13 5 1 3 2 4
20 7 1 27 28 19 25 14 5
21 8 5 1 11 18 17 7 4 25
23 14 24 25 7 11 10 22 26 28 1 5 21 20 2 12
26 12 11 9 6 3 7 22 1 5 21 10 2 19
6 11 20 2 19 4 7 27 17 5 25 12 15
3 1 12
15 1 7
11 12 28 1 14 9 3 2 20 18 17 7 25 15
4 6 12 7 17 15 5 1
22 2 15 28
5 6 7 25 15 14 22 12
28 4 3 7 17 25
2 7 22 1 14 7 15 20 25
10 16 11 21 27 18 16 24 4 19 2 12 25 17 20 6 3 22
1 6 15 22 25 12 3 17
14 3 7 12 17
12 1 17
27 4 12 28 17 22
19 9 5 3 12 14 28 27 22 1 17
25 1 3
13 11 12 2 27 18 1 15 22 28 6 7 16
9 3 19 15 22
8 15 28 22 27 13 6 18 10 17 21 1 14 19 9 7 12

26 24
22 1 3
23 3 3 22 16
12 8 23 17 9 4 16 19 25 10
9 5 11 20 25 3 23
4 9 25 17 20 23 16 18 14 26 22
20 4 16 14 25 3
24 6 21 14 9 4 12 18
21 3 26 22 23
13 16 11 17 5 24 15 4 9 12 22 10 19 18 26 8 1 25
7 11 23 20 4 14 5 18 26 24 15 25 12
15 3 18 23 21
6 10 23 25 21 17 15 9 26 10 4 2
18 3 21 26 14
10 11 11 22 2 3 15 16 25 14 23 19 21
11 5 16 20 22 3 21
17 5 11 3 25 16 18
5 7 26 9 15 17 3 25 10
19 6 26 16 23 22 3 11
8 12 14 22 9 18 5 6 11 26 20 1 24 15
26 3 14 3 16
25 3 14 23 26
1 13 3 12 23 21 14 5 20 24 22 2 10 11 18
16 1 22
2 4 19 11 20 23

31 29
28 9 4 9 25 14 7 3 2 8 27
14 2 9 16
30 16 23 4 25 10 2 9 22 5 12 14 21 16 26 7 1 15
23 2 9 19
5 6 16 7 8 23 14 19
29 7 16 23 12 14 27 7 5
6 10 2 5 8 10 3 7 27 24 9 12
21 11 8 9 6 29 13 12 16 5 19 2 25
13 12 6 2 23 28 27 20 3 7 19 4 24 16
27 4 7 19 23 8
26 7 23 21 3 1 2 4 27
17 14 12 1 3 22 2 18 29 25 14 7 8 28 9 5
7 1 23
15 14 6 26 16 10 27 29 21 23 9 13 8 20 12 3
25 6 7 2 9 12 14 8
18 14 28 19 4 26 2 24 10 16 29 20 22 21 9 27
3 3 5 19 27
20 3 25 23 12
2 7 24 23 16 27 5 8 9
22 13 10 14 5 4 24 28 26 25 29 9 27 23 6
10 3 19 24 14
4 9 6 3 20 7 19 25 14 9 29
16 2 23 19
11 13 8 17 21 27 13 16 31 14 4 24 30 1 25
8 4 7 19 23 9
24 7 27 5 23 8 19 29 16
31 11 19 9 12 29 4 10 27 7 24 5 16
12 6 5 19 7 16 27 14
1 12 20 16 19 9 23 13 2 5 25 7 6 29

1 0

6 4
5 3 3 4 1
6 1 1
3 2 4 1
2 2 4 3

43 41
6 17 37 35 19 25 33 18 13 30 41 1 12 15 3 39 31 20 32
33 4 27 35 28 14
39 9 33 35 14 19 12 32 10 3 15
36 7 10 11 27 33 8 28 14
5 21 27 41 23 25 33 1 10 42 2 28 8 16 36 39 38 34 17 37 26 29 30
41 11 43 22 39 14 28 11 42 17 20 15 8
26 18 9 17 39 12 35 41 10 34 8 36 31 16 38 14 30 28 15 19
32 9 42 3 8 36 20 25 14 15 33
37 3 28 42 11
24 19 38 26 15 12 10 13 25 43 20 14 39 2 11 41 32 1 35 7 4
29 15 42 25 17 14 11 22 16 27 3 12 43 10 41 15 20
21 15 4 3 23 25 31 11 1 38 14 33 40 8 18 39 27
25 8 11 14 12 28 36 10 27 35
16 13 8 19 12 42 20 3 15 33 36 11 14 37 10
34 15 12 31 33 8 43 29 22 42 14 35 27 20 36 19 9
3 5 35 11 28 36 15
30 16 4 11 16 14 35 37 12 36 25 1 42 38 15 39 41 22
15 4 35 11 27 28
11 2 35 27
17 11 8 15 4 10 25 3 14 35 37 36 27
31 12 25 15 35 28 36 37 27 22 43 17 16 12
23 14 29 25 37 31 17 38 36 19 10 33 42 41 1 3
4 6 32 35 15 37 19 11
13 22 32 10 3 42 8 20 25 9 4 35 1 18 43 39 28 23 36 16 27 26 19 37
42 6 3 10 35 27 14 11
8 4 33 28 11 27
22 11 15 11 27 8 37 4 14 16 10 25 28
9 17 35 43 19 27 10 3 32 42 12 25 37 8 31 15 16 17 33
20 7 10 36 11 8 15 27 35
10 4 27 11 14 35
40 20 4 42 31 30 14 34 29 15 19 17 41 12 33 22 38 23 32 13 39 37
12 4 42 3 8 36
14 3 28 11 27
7 15 42 40 17 32 4 31 34 36 26 1 8 15 13 18 3
38 17 19 28 41 36 11 20 12 29 22 14 42 34 16 27 39 9 31
35 2 28 27
43 9 27 19 36 20 14 8 32 25 3
18 21 8 23 29 3 20 33 34 39 4 37 28 10 43 12 17 22 27 25 14 42 15
19 10 27 36 15 12 14 33 10 42 8 35
1 18 12 8 22 16 36 15 42 20 19 14 4 39 3 17 10 32 35 43
2 19 42 40 31 36 23 9 30 26 39 18 6 21 37 14 28 41 33 10 38

50 48
35 13 31 46 40 45 48 27 15 29 47 8 11 10 13
29 5 14 17 8 40 32
27 11 8 29 18 12 23 22 13 46 5 10 47
28 14 5 12 4 40 45 48 47 24 11 23 35 39 42 46
48 6 31 47 4 14 17 12
43 17 12 46 23 18 31 32 41 14 39 8 10 27 22 1 9 28 34
7 24 8 13 14 39 11 23 48 36 35 50 46 27 29 10 31 25 26 42 34 4 16 28 20 5
36 18 34 31 28 47 4 39 49 42 1 10 14 13 17 35 8 18 15 22
30 19 32 43 47 36 49 45 8 12 29 23 25 9 42 44 14 50 39 18 13
47 6 8 1 17 14 4 10
42 20 4 31 13 40 27 47 8 22 29 48 45 34 10 12 46 15 1 11 39 18
37 24 11 1 22 50 24 9 10 15 35 25 39 13 27 40 42 31 28 8 45 4 43 23 30 18
10 3 4 17 1
4 3 40 15 14
40 1 15
1 7 29 32 8 40 17 12 4
18 12 12 1 14 31 10 47 15 8 29 40 48 4
8 3 40 17 14
16 25 15 8 11 18 40 36 6 41 23 12 10 34 5 29 48 35 31 27 44 45 9 24 25 13 22
38 21 28 13 14 36 37 49 27 30 10 24 25 4 34 45 21 44 15 29 5 50 22
2 24 20 47 50 24 25 9 49 43 4 1 7 14 15 27 48 38 5 40 21 34 45 17 33 29
45 11 10 17 13 22 46 32 8 15 18 47 40
20 23 15 44 24 22 48 32 27 42 28 11 35 47 36 31 43 4 5 8 45 30 13 49 3
11 11 18 5 40 12 8 22 34 29 13 10 48
50 19 28 45 12 4 10 29 49 25 31 5 27 32 48 9 47 15 24 22 1
22 8 15 18 14 12 1 8 17 4
19 26 13 42 3 10 18 49 11 9 12 20 48 5 34 35 26 14 32 15 47 37 1 44 41 50 30 33
3 18 10 34 25 46 22 36 8 27 13 24 42 28 31 49 17 30 1 29
5 12 15 14 46 12 22 18 17 1 47 34 29 48
26 18 21 30 13 50 22 4 3 28 17 6 45 11 38 49 10 20 29 14
33 26 4 25 43 3 6 28 20 35 17 50 13 29 34 30 14 46 44 37 31 40 21 10 22 32 1 15
41 12 22 39 27 8 23 32 40 11 14 18 48 10
31 5 15 17 4 29 32
32 3 14 12 40
21 23 8 22 5 29 35 40 18 28 44 12 39 24 32 9 41 27 48 11 36 13 47 34 17
25 12 13 40 46 15 39 41 32 17 11 42 23 1
49 17 17 10 18 9 1 25 15 23 35 5 24 43 22 11 41 12 8
34 5 31 46 48 8 1
17 2 14 12
23 9 5 31 13 47 18 46 8 17 32
24 10 22 45 17 48 29 31 47 11 23 40
12 2 40 4
44 13 47 14 12 8 11 18 23 10 24 13 46 32 1
9 15 41 23 25 4 47 34 13 18 1 11 42 46 24 35 17
13 8 17 29 8 48 4 46 10 31
46 6 12 4 40 29 17 1
6 19 10 3 27 14 24 50 41 47 30 23 21 12 48 46 42 17 34 36 32
39 16 14 24 18 12 32 23 46 27 29 15 34 47 22 17 8 40

9 6
7 4 9 3 5 1
4 4 9 2 7 1
5 1 9
1 4 9 2 3 5
8 3 3 1 2
6 3 5 9 3

39 38
37 17 32 1 8 35 12 17 18 34 26 36 24 22 38 2 14 9 31
19 8 14 38 20 28 18 2 29 3
26 15 35 27 1 28 2 16 9 10 19 4 32 3 38 36 20
4 3 14 10 28
8 13 36 1 7 2 25 19 35 30 4 18 28 33 27
16 8 7 21 4 18 3 1 19 29
18 7 20 29 28 25 10 21 4
29 1 14
1 8 19 38 2 25 28 21 14 4
35 10 38 20 10 21 1 28 17 16 7 19
28 1 14
15 14 16 11 22 35 38 25 27 29 20 12 2 23 37 4
5 20 1 38 22 6 32 8 20 26 35 27 36 24 14 13 18 12 9 31 2 21
34 17 18 32 38 22 30 17 33 8 24 19 2 25 23 3 10 27 7
30 9 22 18 16 19 20 33 10 3 29
27 14 33 16 36 21 18 24 17 3 25 19 22 7 1 29
9 12 4 14 7 10 2 29 27 38 21 33 16 19
17 6 21 10 38 28 14 20
24 7 38 25 3 18 28 14 4
25 2 4 21
21 3 10 4 28
31 13 21 22 9 3 38 20 27 2 25 4 12 10 16
11 16 27 33 1 38 2 34 36 20 29 3 10 32 25 9 31 19
13 15 28 12 15 32 25 1 9 18 4 38 11 3 30 20 37
22 10 3 28 21 36 18 7 38 16 10 14
7 3 18 3 10
6 13 10 39 24 25 16 12 26 31 38 2 3 33 37
39 11 18 12 10 8 31 16 33 29 7 36 37
23 16 4 24 38 18 7 31 21 16 17 20 36 14 25 12 10 9
14 1 20
2 4 14 25 28 21
12 19 19 22 14 29 9 27 36 10 4 16 38 3 25 8 18 30 20 24 7
3 6 20 18 38 29 10 14
36 10 16 20 2 7 17 3 4 24 14 38
20 1 10
38 3 18 2 21
33 7 25 3 19 29 35 2 16
32 6 8 1 3 22 16 38

23 20
9 6 19 4 16 3 23 10
13 1 16
15 7 12 23 3 20 10 9 6
11 5 22 4 19 7 23
5 6 1 3 4 15 23 12
12 7 22 9 4 6 19 3 23
8 12 23 13 9 17 20 6 11 19 14 21 7 15
7 4 22 16 19 14
1 10 22 20 23 4 14 11 13 16 9 10
20 5 16 4 22 13 10
3 3 13 16 4
21 10 9 11 14 20 6 4 15 23 13 7
18 9 4 13 22 19 2 20 16 7 5
6 5 16 20 14 3 13
14 6 3 19 9 16 4 10
19 5 16 10 13 22 4
2 7 13 15 16 19 21 4 6
17 11 10 3 9 11 19 7 14 4 21 15 20
16 1 10
23 5 13 4 22 10 3

9 7
7 1 3
9 3 3 8 2
4 3 7 2 3
8 4 5 7 3 4
1 5 2 9 6 4 7
5 2 2 6
6 1 3

44 42
15 14 7 30 39 9 26 36 43 25 12 31 21 22 35 13
1 14 36 25 3 43 19 26 24 22 31 20 7 18 2 37
2 7 39 35 22 27 9 38 3
7 18 39 6 12 19 27 43 14 26 31 3 24 20 13 2 25 37 30 16
19 8 13 43 26 22 10 18 6 35
10 6 20 36 37 9 27 39
6 8 10 22 37 9 13 39 43 36
44 26 43 24 5 40 38 14 34 21 25 30 3 6 13 7 11 10 28 31 27 16 26 8 1 22 19 32
33 23 28 41 7 4 35 13 30 15 24 38 25 18 29 11 6 37 26 12 19 23 43 39 27
35 5 36 22 39 9 27
37 1 39
4 13 30 12 27 18 20 31 22 39 14 1 35 37 24
26 6 10 39 37 36 18 9
32 9 31 35 9 6 37 36 38 27 19
38 13 39 9 37 43 3 35 19 25 20 27 6 18 26
40 17 37 18 7 29 24 6 17 8 31 36 13 14 15 38 25 39 20
20 2 22 9
27 3 39 20 9
42 23 14 39 24 16 4 12 41 21 5 10 32 40 7 23 28 19 33 36 1 17 11 43 9
28 21 10 6 18 39 3 29 12 22 26 1 37 9 16 32 21 38 30 13 8 25 35
43 4 9 20 39 36
18 6 39 22 37 27 9 20
31 10 3 25 10 12 14 16 35 18 27 38
23 20 11 18 43 1 32 15 16 22 27 7 39 29 10 3 21 14 12 19 20 30
5 19 43 10 41 12 23 11 30 36 29 39 25 15 22 21 19 20 28 16 6
17 17 16 1 30 18 8 29 35 25 24 4 27 33 9 3 13 26 37
39 1 36
21 17 6 39 14 37 22 10 16 32 1 27 36 2 20 30 43 7 26
3 9 37 13 9 39 18 27 19 10 6
41 21 37 28 36 9 19 32 6 4 15 18 21 8 25 30 22 29 10 1 13 16 12
29 19 30 16 20 12 37 15 38 24 14 18 36 1 35 27 9 31 21 8 43
30 12 24 22 38 25 9 43 27 32 13 19 18 20
24 16 37 39 12 27 16 18 38 22 26 3 35 31 19 14 13 43
25 9 37 43 22 6 27 39 26 13 20
12 11 26 20 6 37 18 38 35 39 22 14 2
14 9 39 9 6 27 36 19 20 35 43
16 14 37 13 19 38 18 25 36 43 9 27 26 35 10 12
13 4 9 37 27 35
9 1 36
11 17 37 4 22 32 3 35 8 15 7 31 30 26 10 38 13 28 16
8 13 32 24 20 35 36 26 22 38 21 6 16 31 12
34 19 28 39 41 3 20 19 42 12 11 43 32 37 8 18 38 23 31 15 10

43 40
28 13 3 32 7 15 31 33 16 43 37 40 10 39 5
32 7 10 2 8 4 20 12 23
2 5 34 8 10 4 7
1 7 4 10 7 31 33 41 24
18 18 4 15 5 40 19 10 34 30 7 3 27 41 35 2 29 33 8 43
22 21 5 29 18 27 16 19 9 23 35 32 40 3 41 21 33 7 37 12 30 10 28
35 12 39 4 9 41 10 8 2 24 37 16 33 3
15 18 16 41 1 20 31 35 23 19 9 32 2 37 13 40 39 21 43 12
40 7 12 31 32 21 37 9 33
6 21 23 8 24 2 38 32 27 4 12 20 35 42 34 5 15 28 1 25 43 41 3
33 9 32 2 12 7 41 24 23 37 20
42 19 21 23 39 43 25 18 19 31 1 2 24 16 4 8 14 41 38 27 17
36 21 30 19 34 4 5 1 22 6 42 23 25 20 15 17 33 12 43 28 27 32 10
5 18 7 24 17 10 32 20 43 12 1 31 8 37 21 23 16 3 15 30
19 8 33 39 40 16 12 37 32 41
37 8 10 4 12 2 8 32 34 7
25 15 20 13 34 4 27 10 21 28 5 35 33 24 3 31 8
31 5 12 34 23 20 3
29 18 23 21 30 39 1 4 3 31 33 7 8 2 16 9 14 34 24 32
12 6 8 3 10 7 34 2
13 16 19 24 1 4 21 34 16 23 37 27 10 39 17 40 8 35
11 12 7 19 35 23 1 40 38 10 29 31 14 21
9 9 2 41 34 4 31 10 8 7 3
10 1 34
17 12 37 2 10 12 24 33 16 8 43 1 40 41
26 18 13 2 40 16 37 43 28 25 35 29 3 7 39 9 23 30 18 24
30 12 21 34 33 1 35 12 20 19 37 23 43 17
27 14 4 31 3 33 7 32 43 20 21 16 9 39 35 2
23 4 7 10 20 34
41 6 3 34 39 8 32 37
21 7 3 8 34 20 23 4 39
3 1 8
16 10 31 24 8 39 3 41 37 23 32 7
24 7 32 4 31 41 37 23 7
39 3 8 20 4
4 3 34 7 10
8 4 23 4 10 34
14 15 3 32 34 21 13 37 39 35 30 10 19 7 8 33 17
38 11 8 13 37 40 35 39 28 9 23 43 15
43 6 8 16 7 24 4 39

39 36
33 23 4 15 22 9 5 32 29 6 24 30 7 16 21 28 11 18 8 27 23 38 3 39 37
38 11 8 1 29 30 23 28 11 34 15 6 27
25 4 29 35 6 21
14 7 23 10 6 3 25 21 2
6 2 23 24
22 17 38 23 2 11 31 7 18 34 3 5 39 6 12 21 8 29 32
27 8 24 34 21 6 16 15 10 29
12 17 27 25 11 20 1 31 23 29 15 7 8 19 4 36 39 24 10
18 20 2 16 27 13 5 4 35 12 31 24 38 26 9 1 11 7 6 14 28 21
3 7 25 16 21 15 6 2 23
26 12 14 39 30 8 29 6 28 16 25 7 1 34
28 6 23 3 6 29 15 21
19 12 39 13 3 10 1 14 25 21 16 31 6 28
36 10 24 6 8 16 38 29 2 21 39 15
17 17 3 4 19 6 20 7 35 1 30 13 29 21 27 16 28 24 8
2 5 16 23 21 24 15
16 3 24 15 6
20 12 16 30 23 25 14 34 29 8 31 3 39 28
13 14 39 34 28 20 31 14 1 15 35 23 11 6 29 38
21 2 15 23
9 16 20 30 38 34 2 13 14 35 8 27 26 16 4 29 24 1
37 23 13 8 12 5 25 29 2 6 34 24 19 31 15 39 38 32 9 4 26 35 10 14 11
8 7 14 10 29 35 2 21 6
32 16 27 36 3 25 2 14 15 26 24 29 28 39 4 11 34 31
30 7 1 8 25 24 27 15 34
1 5 16 27 3 15 10
34 2 35 24
31 12 34 23 25 24 10 15 1 2 21 35 39 28
35 2 23 24
5 16 34 3 13 27 9 30 35 16 36 20 26 10 6 19 4 25
4 8 11 24 27 8 16 20 7 34
29 4 6 34 15 24
39 5 15 21 24 29 1
11 10 27 31 6 16 8 14 15 34 24 21
7 8 10 30 23 6 21 31 35 24
10 5 6 35 23 29 25

48 47
33 2 41 7
4 20 25 13 6 40 3 21 22 10 45 35 42 37 12 47 33 48 20 27 30 39
32 22 17 47 30 28 46 40 35 3 13 23 12 48 41 25 39 10 36 33 7 31 27 21
6 11 3 24 48 37 16 38 12 19 18 41 26
17 26 20 35 27 9 21 40 45 2 46 29 10 25 47 18 15 24 16 43 38 28 30 8 36 41 31 5
31 9 11 12 21 16 38 46 40 24 27
18 10 26 12 19 41 46 48 21 3 16 8
27 1 26
24 8 3 19 26 40 48 12 21 16
15 16 7 46 23 22 43 6 13 48 8 40 24 16 27 33 3 31
7 2 40 19
47 14 31 21 8 11 19 37 23 6 12 22 35 29 33 26
34 22 15 1 3 31 21 26 36 18 33 16 20 8 28 7 48 9 11 29 14 19 27 38
23 11 11 12 16 26 7 40 38 3 8 37 18
12 3 26 3 27
5 14 22 29 37 48 36 30 12 27 40 35 18 3 11 24
1 19 23 12 8 40 21 38 36 13 19 31 18 11 5 35 27 43 48 30 3
42 20 9 6 31 20 11 30 7 22 38 15 25 40 27 16 35 18 47 23 33 10
30 19 29 43 46 37 21 18 20 48 26 13 15 35 19 22 24 38 36 7 12
44 20 20 15 31 1 8 18 36 41 38 40 26 27 5 24 6 48 46 23 7 21
41 5 3 21 26 37 19
25 21 43 48 22 16 30 31 5 45 7 12 47 27 41 20 11 24 26 3 18 38 21
43 14 21 12 38 37 29 41 23 31 6 16 27 18 40 33
35 16 37 3 8 26 13 24 21 11 43 23 16 46 38 6 12 33
28 21 44 43 1 16 46 4 11 30 10 38 7 8 41 27 35 29 9 25 14 31 33
10 22 40 44 7 37 13 45 33 27 24 23 31 30 6 25 18 35 38 21 9 1 46 11
11 9 33 7 21 38 19 46 16 48 3
22 16 8 40 48 33 20 7 18 24 6 46 23 21 3 27 12 37
8 6 48 41 37 16 19 46
20 11 29 46 26 38 7 48 24 18 3 41 21
37 1 21
48 1 26
16 5 48 27 7 21 19
14 22 20 44 40 13 41 9 35 1 7 30 15 29 26 27 22 37 8 5 48 25 45 46
19 3 26 48 37
2 25 28 25 39 35 48 26 41 12 23 1 10 19 29 36 43 18 42 47 27 21 22 44 37 45 33
36 12 40 3 6 38 19 7 43 27 15 37 46 8
40 5 3 21 27 26 41
29 14 19 11 38 21 3 33 24 7 48 8 37 26 41 18
3 3 48 21 37
9 15 11 27 26 5 12 7 23 29 24 15 3 30 20 6 21
13 11 3 20 11 29 6 24 18 37 12 27 23
46 5 21 19 48 26 41
39 17 35 25 10 30 38 47 8 16 43 45 14 20 29 5 31 26 1
45 21 7 5 38 36 8 46 11 48 24 40 26 35 27 21 19 43 1 3 33 16 30
21 1 26
38 4 21 40 27 48

41 39
29 7 30 39 21 20 28 36 22
14 11 29 35 39 7 41 3 20 12 30 28 37
3 5 35 41 7 28 30
1 12 28 16 37 12 26 11 22 39 17 5 41 14
32 8 34 19 7 14 17 20 29 35
8 11 38 35 30 39 3 22 7 17 28 32 34
22 6 39 35 3 36 21 41
23 18 39 18 14 19 31 2 20 38 40 33 22 13 30 36 24 28 4 26
18 18 38 25 39 20 12 1 11 7 35 17 37 36 5 3 30 26 28 19
21 5 37 3 30 7 28
38 9 3 14 21 20 17 37 22 34 7
19 4 39 22 28 12
7 3 36 28 41
40 18 1 25 13 2 34 12 37 14 3 33 35 29 5 11 8 6 31 38
9 17 29 28 19 7 4 16 8 5 35 20 17 39 41 22 12 37 3
15 18 33 22 10 29 1 7 36 31 39 41 16 17 37 20 30 9 13 12
5 7 16 8 38 35 29 28 36
25 17 38 11 22 14 32 30 3 35 26 28 12 1 21 29 36 9 8
34 8 20 30 22 21 35 3 12 36
2 19 13 8 9 26 5 19 33 36 34 16 17 41 18 6 21 10 37 32 30
26 10 30 41 32 12 3 37 22 35 29 14
16 10 20 19 41 34 21 14 32 36 29 39
6 18 35 1 8 31 17 29 22 11 20 39 28 33 38 32 10 30 12 5
28 1 35
39 4 36 41 3 37
10 15 9 26 31 5 29 25 21 3 18 8 16 17 39 19 34
24 22 26 20 33 7 11 37 15 22 3 10 36 5 8 29 4 14 31 2 25 13 32 17
20 6 41 22 30 37 35 21
17 4 21 37 30 28
33 17 11 41 28 9 30 20 21 5 37 39 19 8 4 17 12 16 29
4 12 16 21 5 29 37 38 19 35 7 20 8 36
13 16 14 33 34 37 32 26 35 1 22 41 30 29 25 4 8 28
12 6 30 22 35 28 39 37
30 1 7
37 2 28 41
11 12 3 17 14 16 21 36 5 19 7 12 35 28
27 21 3 10 35 12 7 19 37 16 28 41 22 20 1 6 38 2 8 29 39 33 30
31 15 12 20 17 29 36 14 1 11 9 22 19 13 16 8 37
36 2 28 35

9 8
5 2 9 6
9 1 6
7 1 9
3 4 6 5 7 4
2 3 7 3 4
8 5 3 2 9 6 5
4 4 6 7 9 5
1 3 3 5 6

10 9
8 4 6 5 2 4
1 2 2 9
5 1 6
4 4 2 7 5 6
3 2 8 1
2 3 5 6 9
7 1 6
10 2 2 4
9 2 6 5

18 16
13 8 4 14 2 1 17 7 12 8
3 8 7 8 10 2 5 14 16 6
11 3 6 10 1
9 8 13 3 12 10 4 5 16 17
5 4 16 18 6 2
12 9 2 1 18 15 7 3 6 5 14
7 6 16 2 14 8 10 11
8 3 6 14 10
15 6 14 8 1 7 6 18
1 1 18
2 3 14 18 1
4 9 1 10 2 7 16 11 17 14 12
18 1 14
6 3 16 14 18
10 2 6 2
17 8 16 12 10 1 18 2 3 7

8 5
5 2 4 2
8 1 4
7 2 2 4
1 3 4 6 8
3 2 7 8

27 26
21 14 11 20 7 26 18 2 19 25 14 15 6 13 22 12
18 6 7 17 9 2 6 4
17 1 7
13 6 25 6 17 12 4 9
4 2 7 12
8 17 14 12 9 5 7 22 10 23 27 21 18 3 6 17 13 11 4
6 1 25
5 4 2 6 4 10
3 5 2 4 9 18 6
22 13 18 3 23 6 17 14 9 24 25 2 4 10 16
7 1 6
20 12 7 17 25 3 23 26 16 1 11 24 12 6
10 4 17 6 12 4
11 10 12 5 1 24 6 10 4 7 13 25
14 8 10 4 9 13 17 12 7 25
15 7 5 2 18 13 4 14 10
9 4 25 12 4 17
1 7 17 26 2 14 3 9 18
12 3 25 17 6
26 5 5 18 15 9 17
24 8 9 7 6 13 15 18 12 2
19 13 5 4 2 14 9 1 26 6 10 15 11 24 12
23 6 2 24 17 4 11 26
16 15 9 1 25 4 10 6 14 7 23 3 17 18 13 5 12
2 4 17 7 25 13
27 12 1 7 10 11 13 22 24 23 12 18 19 5

6 5
6 2 5 1
1 1 4
5 1 4
2 3 1 5 4
3 2 1 4

32 29
23 4 3 1 5 21
29 11 19 23 20 1 2 18 27 5 9 14 13
5 2 21 1
27 12 32 1 5 18 13 26 14 19 11 2 20 15
2 5 20 23 14 21 19
22 3 2 25 14
32 8 20 1 5 19 9 21 25 22
12 14 18 28 19 17 27 25 5 6 26 31 3 9 29 22
15 8 23 11 19 5 3 1 26 25
8 11 6 31 21 23 20 15 32 11 19 17 3
31 13 25 2 20 17 26 18 32 15 14 27 21 3 9
16 9 5 13 3 14 25 31 1 9 23
7 14 26 1 32 20 15 19 13 18 14 3 11 16 31 17
4 13 23 10 1 13 31 14 11 16 18 22 17 27 26
17 11 22 26 20 18 15 11 19 2 5 27 13
10 12 31 18 29 3 2 22 32 25 20 9 5 23
13 10 26 19 14 21 5 32 9 1 20 3
24 8 4 25 27 7 9 15 10 21
9 7 23 19 2 22 25 26 11
3 3 5 14 21
28 14 3 16 31 1 5 20 21 4 17 13 2 11 8 23
18 11 11 25 19 21 14 26 22 2 23 13 3
25 5 19 3 1 20 5
6 17 22 10 11 3 18 17 2 4 25 16 24 26 32 20 9 1 7
30 14 32 19 14 18 1 5 13 25 15 8 12 17 20 23
26 9 23 2 5 21 11 20 19 1 22
14 1 21
11 6 19 20 2 21 23 25
20 4 3 23 19 14

1 0

45 42
44 2 11 15
4 7 3 18 45 19 15 7 32
6 3 39 44 32
11 1 14
17 12 38 44 39 14 6 15 25 8 20 31 30 3
45 9 20 15 3 11 2 6 30 39 32
33 17 9 18 6 11 30 19 37 24 26 3 7 13 45 12 32 22 31
27 16 45 19 24 37 16 35 26 3 32 13 9 14 18 1 20 7
28 18 24 3 30 1 4 19 32 35 38 18 14 12 22 37 36 8 26 34
26 11 32 36 30 24 14 6 15 45 17 37 44
16 17 33 38 39 26 6 17 13 31 3 37 9 12 11 5 22 21 29
2 8 14 32 15 11 3 20 30 38
31 5 39 14 45 30 20
39 4 44 15 11 14
10 18 23 28 6 5 44 17 8 30 39 36 41 25 27 21 15 16 22 31
30 1 15
21 11 1 14 5 4 15 2 8 25 29 38 22
8 7 44 45 39 11 31 30 2
19 13 6 3 8 7 44 25 30 45 39 31 15 14 32
43 16 6 7 1 9 44 17 31 18 34 5 45 16 3 4 19 28
22 10 2 38 6 15 14 30 3 31 7 11
13 10 7 31 30 20 11 15 38 6 8 19
34 21 3 8 22 14 44 15 21 24 18 37 4 20 29 2 32 12 11 13 6 26 30
1 12 29 3 25 31 7 44 37 5 11 12 8 2
12 9 45 32 2 30 8 6 31 38 44
7 8 25 31 12 32 8 45 15 14
35 20 1 30 4 25 26 37 29 16 8 32 20 5 45 9 14 15 33 36 34 22
23 18 36 8 35 22 44 28 30 39 15 12 24 26 6 3 14 37 20 32
5 17 19 13 12 2 39 17 15 20 22 31 6 18 3 32 4 45 11
24 16 19 31 17 12 45 5 3 22 13 14 32 4 15 6 11 39
38 7 30 20 14 32 39 3 6
25 9 39 38 20 15 3 30 12 2 14
9 16 32 12 36 44 17 29 8 31 45 38 18 22 7 30 26 21
41 22 31 18 27 26 28 36 17 23 33 37 11 35 38 43 2 44 13 14 22 7 1 8
40 25 38 42 10 43 15 11 23 36 8 31 20 28 14 32 44 2 12 25 34 1 29 13 35 39 19
42 21 15 5 24 11 41 17 32 4 35 19 7 1 43 36 34 13 23 18 33 8 38
3 4 30 44 11 32
20 4 30 6 39 15
29 13 44 17 22 7 4 39 38 14 11 45 25 20 12
18 10 39 7 3 11 25 15 45 12 30 8
36 11 18 6 45 7 20 39 17 31 4 13 8
37 11 19 4 14 20 3 32 6 2 22 11 15

8 6
6 1 7
5 3 1 6 7
1 1 7
4 7 5 1 2 6 7 3 8
3 3 7 1 8
2 4 5 1 7 3

41 39
23 9 4 8 22 41 1 18 40 28 39
22 6 39 8 7 32 1 16
31 13 6 24 16 5 26 39 29 3 32 1 33 11 8
21 12 8 41 28 32 38 33 3 40 1 4 22 26
30 12 3 9 26 7 8 4 39 38 40 11 16 10
32 9 39 33 6 11 7 1 24 38 4
41 2 1 6
7 1 4
19 17 25 30 8 16 5 37 18 23 12 7 22 28 33 11 40 36 32
13 16 18 21 41 26 16 40 36 6 30 24 5 11 1 31 32 3
26 14 6 38 8 32 28 41 9 5 22 11 23 24 39 4
39 5 33 7 16 6 4
9 8 39 32 11 24 10 38 4 41
33 4 11 38 16 1
37 12 7 18 10 24 32 30 33 8 29 11 16 5
14 22 26 23 21 8 40 3 37 30 32 5 28 2 6 15 39 41 22 4 36 35 29 34
12 14 22 30 29 25 3 6 11 16 10 8 5 23 28 21
15 17 30 32 18 5 33 4 12 8 28 36 37 41 7 13 2 9 23
8 7 4 7 6 38 16 11 24
10 9 33 24 16 22 38 41 28 7 32
36 9 10 24 23 8 5 1 39 3 11
25 14 11 30 1 37 29 28 26 10 5 6 36 32 24 9
18 6 8 10 7 33 39 4
1 5 6 38 16 4 11
11 1 16
27 23 12 25 7 5 32 26 16 41 30 15 23 19 39 22 3 35 11 28 38 21 1 9 40
6 3 16 28 11
34 20 21 25 24 18 29 16 12 8 6 26 33 19 38 40 39 37 10 36 3 30
35 12 32 7 29 26 31 5 10 8 22 30 3 6
40 10 33 38 11 22 28 7 39 10 1 8
3 6 32 6 16 22 33 8
24 4 6 33 16 41
29 8 41 8 39 6 1 24 28 4
5 6 11 29 24 7 6 9
4 4 16 11 28 38
28 1 11
2 18 23 33 21 10 24 6 32 19 36 22 3 4 31 16 11 37 40 38
20 13 33 6 9 4 22 23 25 11 8 10 32 26 12
17 18 35 37 10 36 13 31 39 24 30 5 14 38 3 20 27 16 28 29

8 6
5 1 6
1 3 4 6 5
8 1 3
4 3 3 5 8
7 5 1 5 3 2 8
2 3 4 8 3

17 15
4 5 16 1 14 7 13
8 5 15 11 5 14 7
1 6 7 12 10 17 9 15
2 9 10 8 12 1 5 13 3 9 7
7 3 11 15 17
17 1 15
15 2 12 11
3 8 17 6 8 14 9 11 1 16
5 1 12
9 4 7 14 5 11
16 9 14 8 10 12 5 11 7 13 9
6 1 12
13 6 5 17 15 7 14 8
10 5 11 15 6 12 7
14 4 11 7 17 15

20 18
10 6 14 18 6 9 11 13
20 8 19 10 9 4 8 14 6 15
4 9 6 11 19 16 2 10 18 9 8
9 1 13
11 6 9 16 2 14 6 8
1 8 20 14 11 12 6 18 8 19
3 10 17 4 19 20 10 2 12 9 7 14
5 9 3 16 6 9 19 2 15 1 17
19 3 9 14 16
2 5 18 8 9 6 13
15 7 14 18 11 9 2 13 10
17 9 1 20 8 14 6 13 16 19 12
6 1 14
7 7 10 4 20 14 18 8 15
12 3 16 14 13
8 4 14 18 6 13
13 1 14
16 4 6 9 18 14

48 46
33 7 28 12 29 16 30 38 42
32 12 23 28 41 17 40 48 31 43 10 42 44 38
8 15 4 5 31 33 18 26 30 23 20 14 35 45 38 12 29
28 7 9 30 29 38 40 44 12
26 14 40 16 2 10 41 3 32 20 14 17 23 35 12 48
16 5 12 30 44 42 39
36 23 34 22 1 8 4 46 5 16 7 6 31 43 18 2 35 38 32 19 30 10 9 12 27
18 13 35 30 29 48 43 38 28 3 44 20 33 41 31
12 1 29
30 3 12 38 29
40 4 38 44 42 9
43 10 39 29 12 35 40 33 42 3 16 28
22 19 33 2 20 16 12 39 38 44 40 28 26 17 14 48 1 30 29 9 23
1 10 44 43 10 42 30 9 12 48 29 39
31 5 9 16 3 30 35
10 9 44 3 39 9 29 35 40 42 12
25 24 28 4 14 40 30 10 22 38 3 23 13 1 18 37 20 9 34 32 5 41 19 17 42 43
24 18 23 12 30 9 4 15 13 3 18 28 16 19 44 42 2 37 22 41
11 21 30 18 44 26 15 9 13 43 29 4 32 40 8 12 17 23 34 1 16 25 48
23 13 38 35 39 29 30 12 16 43 10 44 31 40 9
14 8 10 17 9 44 16 35 30 43
5 14 16 40 42 39 23 44 45 14 35 19 12 34 10 29
3 8 29 16 28 44 38 30 39 42
15 11 44 10 12 33 1 39 17 29 14 30 41
35 6 39 12 33 3 9 40
48 8 29 42 9 38 3 33 12 44
37 19 30 41 12 3 29 21 19 43 35 20 8 14 10 28 5 2 23 48 13
19 13 20 28 42 23 1 22 30 16 40 18 45 29 35
47 28 31 11 15 36 27 35 1 21 6 24 3 26 20 38 41 34 23 5 4 40 25 19 22 14 29 8 9 7
20 11 35 10 38 9 3 16 44 12 41 40 23
41 9 10 16 3 1 33 48 43 14 12
46 25 19 34 27 6 5 26 33 12 35 28 38 16 39 48 32 43 44 31 40 42 18 9 7 23 3
21 21 5 14 39 29 3 22 17 31 2 23 28 44 10 20 42 19 12 16 9 35 33
2 7 38 28 40 20 15 10 3
44 1 29
13 20 44 9 28 5 39 22 8 43 32 23 4 20 2 19 16 33 3 29 31 17
4 18 28 40 38 39 16 32 30 48 3 14 45 12 5 17 1 42 23 15
7 21 12 35 26 30 44 38 34 42 19 21 22 9 20 27 3 41 24 6 37 2 43
17 10 9 3 39 44 40 38 35 31 28 42
9 2 44 38
29 1 38
39 7 30 42 38 9 29 44 40
6 27 32 26 19 43 9 14 30 41 39 13 12 17 40 22 28 48 15 20 21 37 2 44 25 10 24 16 42
34 14 41 45 44 29 15 12 26 48 38 1 28 20 39 22
27 24 5 17 34 39 29 24 1 32 14 35 26 41 45 10 3 44 21 12 4 19 20 2 43 33
45 14 20 9 35 32 2 38 15 16 28 42 43 3 48 39

47 44
38 19 42 41 44 22 14 10 11 34 46 45 32 16 7 29 4 20 36 1 43
33 14 43 26 29 42 20 24 1 4 46 36 16 15 14 22
34 9 31 1 22 36 44 18 6 16 24
42 13 21 18 16 26 30 11 4 20 34 36 32 1 10
20 1 44
6 4 18 21 31 44
14 12 15 36 22 30 10 44 24 16 1 29 4 26
4 7 34 31 6 41 22 10 20
16 6 18 10 1 6 31 32
27 22 35 9 13 36 29 41 1 45 43 15 16 3 6 2 46 39 14 34 26 4 42 30
41 7 36 22 32 1 10 6 18
3 20 7 16 9 10 31 35 22 34 39 37 41 36 29 33 46 32 26 25 24 12
30 6 20 1 31 10 21 16
11 7 20 10 16 31 32 6 1
21 2 44 18
22 2 6 20
8 25 37 16 34 28 40 47 26 39 4 3 6 42 15 2 29 32 27 23 14 24 18 36 13 45 44
9 14 18 31 20 11 46 21 10 39 35 7 24 29 16 22
43 16 7 42 26 41 20 18 6 34 15 1 32 29 44 30 14 16
45 14 15 44 6 32 16 31 36 42 39 24 11 18 1 10
40 18 3 46 37 20 16 6 23 11 21 19 1 18 34 32 27 29 35 42
7 9 4 44 6 32 34 16 30 20 11
32 1 44
37 12 7 4 34 36 43 29 30 32 42 24 44 20
46 12 32 11 31 30 26 34 41 42 21 43 7 22
17 23 41 2 5 23 24 31 19 34 3 36 43 18 12 11 27 40 30 20 25 37 44 32 46
23 19 37 30 32 34 44 45 46 2 21 35 43 3 25 26 33 5 41 19 12
12 13 11 14 44 9 30 21 18 20 16 26 37 15 42
36 5 32 21 31 18 44
2 13 26 42 15 32 41 30 18 1 36 44 21 34 24
5 24 42 33 22 45 2 39 4 36 29 14 44 15 35 46 43 30 47 25 18 26 27 13 3 20
28 22 13 37 20 7 5 34 31 3 41 25 43 39 14 33 24 42 32 1 40 6 2 38
47 17 6 20 7 4 45 14 2 30 26 41 33 46 13 1 11 29 34
39 9 26 4 36 16 21 44 11 20 6
26 11 4 10 21 24 6 41 34 20 30 16 1
25 17 47 38 22 12 39 46 2 44 18 30 41 29 45 33 4 20 10
10 4 44 6 18 32
24 3 21 44 32
15 17 41 42 20 10 18 7 34 1 11 21 4 26 6 30 32 36 16
29 9 10 41 6 30 16 31 26 34 18
35 13 4 29 26 30 32 14 15 1 18 31 21 44 34
13 17 10 33 42 20 18 32 16 35 31 41 43 45 4 1 2 34 22
1 4 44 6 10 20
19 22 16 33 47 18 42 20 9 36 34 41 1 32 43 13 35 45 22 44 7 31 14 26

5 2
3 2 1 5
4 2 2 1

17 15
14 6 17 4 9 16 13 7
9 2 17 10
16 6 6 3 12 17 15 10
4 3 17 11 10
12 8 17 10 4 9 1 3 13 7
2 6 12 15 5 14 17 7
15 9 1 9 5 8 4 13 6 12 3
7 3 8 4 17
5 3 4 6 11
1 4 8 10 7 4
13 4 8 9 7 10
6 3 17 9 8
10 1 17
11 1 17
3 5 11 10 5 6 9

27 24
24 8 27 12 3 16 4 10 18 19
17 10 6 10 23 25 4 13 16 18 19 5
27 2 4 13
22 8 3 6 18 16 4 25 14 7
7 6 2 24 4 16 27 10
12 1 13
14 5 18 10 16 23 13
1 13 4 24 20 13 25 2 11 3 17 9 15 19 12
8 10 2 27 10 19 13 4 18 23 6 3
9 9 20 3 6 5 23 12 16 18 14
6 4 23 25 13 2
19 6 3 18 12 27 4 10
18 2 12 23
26 10 2 15 23 7 4 8 11 25 20 16
5 9 6 2 3 19 18 12 14 7 23
23 2 12 3
2 4 16 3 4 12
10 4 12 27 18 3
15 14 2 13 16 8 7 25 18 3 20 6 19 24 23 14
16 4 13 18 10 3
25 6 12 13 3 16 2 10
20 6 27 16 19 4 24 25
11 12 22 9 24 13 27 2 17 5 8 14 19 3
21 13 5 9 18 14 23 4 7 1 19 17 25 27 13

