100 76
1 1 2
5 1 34
11 1 1
12 2 2 3
13 2 3 4
14 1 5
16 1 6
17 2 7 8
19 1 9
20 1 10
22 2 12 63
23 1 12
24 1 13
25 1 15
26 1 15
27 1 97
31 1 11
33 1 23
34 1 25
35 1 25
36 1 26
37 1 27
38 1 28
39 1 29
40 1 30
42 1 31
43 1 33
44 1 33
47 1 36
48 1 37
49 1 38
50 2 39 40
51 1 42
52 1 42
53 1 43
54 1 45
55 1 35
56 1 46
58 2 48 49
59 1 49
60 1 49
61 1 51
62 2 51 52
63 1 53
64 1 54
67 1 57
68 1 57
71 1 61
72 1 71
73 1 63
74 1 54
75 1 65
76 1 66
77 1 67
78 1 68
79 1 69
80 1 89
81 1 71
82 1 71
83 1 73
84 1 74
85 1 74
86 1 75
87 1 76
88 1 78
90 1 80
91 2 81 71
92 1 72
93 1 84
94 1 84
95 1 85
96 1 87
97 1 87
98 1 88
99 1 89
100 1 90

8 6
1 2 3 7
8 2 3 1
5 3 3 7 8
2 2 7 1
6 5 3 7 1 8 2
4 7 3 7 1 8 5 2 6

30 29
24 7 23 27 30 2 17 15 13
13 5 23 27 14 2 15
1 11 23 27 14 2 17 10 21 28 9 29 7
8 11 2 15 13 24 21 3 19 5 16 18 26
11 16 23 30 14 2 13 24 21 3 28 9 1 5 18 8 20 4
3 8 23 30 2 17 15 13 10 21
26 16 23 27 14 2 17 15 13 10 21 3 9 29 7 19 16 18
27 1 23
22 18 23 27 30 17 24 21 28 29 7 1 19 5 26 20 4 11 25 6
10 3 27 2 13
6 13 23 15 10 21 9 29 7 1 19 5 18 26 4
4 11 14 15 13 10 24 21 3 9 29 7 20
5 10 27 14 2 13 28 9 29 7 1 19
15 2 30 2
14 3 23 27 30
17 4 23 27 30 14
29 11 23 30 14 2 17 15 13 21 3 28 9
16 13 23 27 14 2 17 15 24 21 28 9 7 19 5
19 12 27 30 2 13 10 24 21 3 28 9 7 1
20 13 23 14 2 13 10 24 21 3 7 1 19 5 18
30 1 27
7 14 23 27 30 14 2 17 13 10 24 21 3 28 9 29
25 18 23 27 30 17 13 10 21 3 9 29 7 19 5 18 26 8 20 4
9 6 27 30 14 2 21 3
12 18 23 27 14 2 13 10 21 28 9 29 1 19 16 18 26 20 4 11
2 4 23 27 30 14
21 3 23 30 10
28 6 23 14 15 13 24 3
18 11 27 14 2 13 24 21 9 29 7 5 16

14 12
6 4 1 8 7 2
14 1 8
3 7 5 1 14 10 7 13 12
9 6 5 1 14 11 10 13
11 1 1
12 5 1 8 10 7 13
8 2 5 1
10 4 5 8 14 11
4 9 5 1 8 11 10 13 12 3 9
13 4 5 1 14 10
2 5 5 10 13 12 3
7 2 5 8

15 14
3 6 8 1 2 13 9 14
6 8 9 5 14 3 10 11 15 7
14 5 8 1 2 9 5
12 6 1 2 13 4 15 7
4 4 8 2 9 5
9 1 8
2 1 1
7 8 8 2 13 9 14 10 11 15
5 4 8 1 2 13
15 4 8 1 9 3
13 2 8 2
11 9 8 1 2 13 9 5 14 10 4
1 1 8
10 3 1 13 5

7 6
2 3 6 4 3
6 2 7 5
3 3 7 5 6
1 3 7 6 3
5 1 7
4 2 5 6

15 14
4 10 10 11 7 2 8 6 3 12 14 9
1 5 11 7 13 8 6
2 5 5 10 11 7 15
3 3 10 7 15
14 5 5 7 13 8 1
10 1 5
11 1 5
13 3 10 11 7
8 5 5 10 13 15 2
9 8 5 11 7 15 2 8 6 12
12 5 5 10 13 2 1
15 2 11 13
7 1 5
6 3 10 7 13

19 18
18 13 16 13 14 19 10 6 3 5 2 1 7 4 8
10 3 15 17 9
9 4 16 15 14 17
19 2 13 17
17 3 16 15 14
4 9 16 15 14 17 10 6 3 5 1
1 7 13 15 17 9 19 6 5
12 9 13 14 9 6 3 5 2 7 4
11 10 13 9 6 3 5 2 1 4 8 12
15 2 16 13
7 8 16 13 14 17 9 19 10 2
8 7 16 13 9 19 5 2 7
2 6 16 14 9 10 6 3
14 3 16 13 15
13 1 16
5 5 13 9 19 10 6
6 6 16 13 14 9 19 10
3 7 16 13 15 14 17 19 10

8 7
6 2 7 2
1 1 8
8 1 7
3 4 8 1 2 6
5 2 7 8
2 1 1
4 2 7 8

14 13
1 9 9 3 11 12 13 10 2 6 14
10 4 9 3 11 13
3 1 9
5 7 9 3 13 2 6 14 7
13 2 3 12
2 4 3 11 13 10
11 2 9 3
6 5 9 3 11 12 2
8 10 9 11 12 13 10 6 14 7 5 4
7 5 3 10 2 14 1
12 2 3 11
4 7 11 13 10 14 1 7 5
14 5 9 12 13 10 6

6 5
6 1 5
1 2 5 2
2 3 5 6 3
4 1 6
3 2 5 4

22 21
2 1 20
9 10 20 2 19 7 10 4 18 13 21 3
19 3 20 2 12
22 2 20 2
7 2 20 19
14 12 2 12 7 10 16 18 13 11 21 3 17 9
6 7 19 15 16 1 4 18 13
17 9 2 19 7 10 4 13 6 11 21
13 7 2 12 22 7 15 1 18
10 7 20 2 12 19 22 7 15
5 13 20 2 12 19 22 15 10 16 6 21 3 17 9
1 7 20 2 12 7 15 10 16
18 4 2 19 15 16
12 2 20 2
21 7 2 19 22 7 4 18 11
16 4 20 2 12 7
11 6 2 12 19 22 10 16
15 5 20 2 19 22 7
8 11 20 2 12 22 16 1 13 21 9 14 5
4 6 12 19 7 15 10 1
3 12 2 12 19 22 15 10 1 4 18 6 11 21

9 8
8 4 9 6 4 1
5 5 9 4 1 8 7
4 1 9
3 6 9 6 4 1 7 2
6 1 9
1 2 6 4
2 4 6 4 1 5
7 4 9 6 1 8

23 20
8 6 13 3 9 1 10 7
18 5 13 19 7 8 22
20 13 3 1 10 21 19 8 2 12 17 16 23 6 15
23 11 14 9 1 10 19 4 8 2 22 16 5
16 14 13 14 9 1 21 19 4 7 8 2 22 18 12 17
1 4 13 3 14 9
21 4 3 14 9 1
17 11 14 9 1 10 19 4 7 8 22 18 12
19 6 13 3 14 9 1 10
10 2 9 1
15 14 13 3 14 1 21 7 8 2 22 18 12 5 23 6
7 6 14 9 1 21 19 4
4 6 13 3 14 9 1 21
12 4 13 3 21 18
11 11 3 1 10 19 4 8 2 18 12 17 16
6 15 13 14 1 10 21 19 4 8 2 22 12 17 11 5 23
9 2 3 14
5 12 3 14 1 10 7 8 2 22 18 17 16 11
22 4 14 1 4 2
2 5 13 1 10 21 4

4 1
4 2 1 2

22 21
12 3 11 18 3
14 3 18 22 3
17 10 22 12 7 4 15 9 21 5 2 20
1 3 3 7 15
19 5 11 18 12 16 9
16 3 11 18 14
15 7 11 22 3 14 12 16 4
2 12 11 18 22 14 16 7 4 15 1 9 19 5
20 10 11 22 3 14 16 7 15 9 19 2
22 1 18
4 6 11 22 3 12 16 7
7 5 11 18 3 14 12
8 17 18 22 3 14 12 16 7 4 15 1 9 21 2 20 17 6 13
5 9 11 18 22 3 14 16 4 19 21
10 13 11 18 22 3 14 12 16 7 4 15 1 5 2
6 10 11 14 7 4 15 1 21 5 2 20
3 2 11 22
13 12 18 22 14 12 7 15 9 19 21 5 20 17
21 8 11 22 3 16 4 15 1 9
18 1 11
9 7 18 22 3 14 7 4 15

18 16
11 9 3 15 9 10 18 7 4 16 2
9 4 3 5 15 12
1 12 14 3 12 10 18 7 4 6 2 11 17 13
17 6 14 9 10 18 7 2
7 4 3 15 12 9
13 5 14 15 7 16 17
16 5 14 5 15 18 4
10 4 14 3 15 9
4 4 15 9 10 7
2 6 14 3 5 9 16 6
8 10 14 12 10 18 7 16 6 2 11 17
6 7 3 5 15 9 18 4 16
18 3 5 12 9
12 3 14 3 5
5 1 14
15 2 14 3

16 14
10 4 9 13 3 4
14 3 9 16 11
7 6 9 2 1 4 14 10
4 3 9 3 16
6 6 9 13 4 11 8 7
16 3 9 13 2
8 5 9 2 16 1 11
15 8 9 13 2 16 1 4 11 14
11 2 13 16
2 1 9
12 9 9 2 3 16 4 11 8 15 10
1 3 9 2 16
5 9 13 2 3 1 4 11 8 10 12
3 3 9 13 2

14 12
12 3 5 6 3
9 1 5
7 4 4 5 6 9
11 10 4 6 9 7 1 3 13 12 2 10
14 6 4 6 1 3 2 11
5 1 4
2 6 4 5 9 8 13 12
10 8 5 6 9 7 8 3 12 2
3 4 5 6 9 8
1 3 5 9 7
8 3 4 5 6
13 5 5 9 7 1 3

24 22
9 12 11 2 23 10 24 22 1 3 15 18 7 4
23 3 14 11 17
12 12 14 17 5 6 24 22 1 3 15 18 13 9
6 3 11 5 19
2 2 14 17
7 8 14 2 5 19 24 1 16 3
13 11 14 5 23 6 24 8 22 1 20 3 18
4 13 14 11 17 2 19 23 6 22 1 20 15 18 7
20 12 14 11 17 5 19 23 6 10 24 22 1 16
1 5 11 5 24 8 22
18 10 17 5 19 23 6 10 24 1 20 3
24 8 14 11 17 5 19 23 6 10
22 6 17 5 23 6 10 24
11 1 14
5 1 2
3 10 14 17 5 19 6 10 24 8 22 16
19 4 11 17 2 5
21 17 11 17 2 19 23 10 24 22 1 16 20 3 15 18 7 4 9
16 8 14 11 2 5 19 23 10 24
10 7 14 11 17 2 5 23 6
8 7 14 17 2 19 23 6 10
15 14 14 11 17 2 5 23 6 10 24 8 22 1 16 3

11 9
10 6 9 5 7 11 6 4
11 4 2 3 9 5
7 2 3 9
6 3 5 7 8
1 4 3 9 5 8
8 3 3 9 5
9 1 2
4 5 3 5 7 8 6
3 1 2

25 24
3 8 10 12 5 8 18 19 16 14
21 8 10 13 12 5 8 18 19 7
15 18 10 12 5 8 18 19 16 7 14 21 3 24 23 1 22 9 11 20
22 10 10 13 25 18 19 7 21 2 4 23
9 15 13 25 12 5 8 18 16 7 14 3 24 2 4 23 22
14 6 13 5 8 18 19 7
12 1 10
6 11 13 25 12 8 18 16 14 24 2 4 23
1 14 25 12 5 18 16 7 14 21 3 24 2 4 23 6
13 1 10
11 14 10 13 25 12 5 18 16 7 3 2 4 6 22 9
17 12 13 25 8 16 7 21 3 2 4 1 20 15
16 5 10 12 8 18 19
25 2 10 13
7 4 13 25 5 18
23 12 10 13 25 12 5 8 18 16 14 21 3 24
5 3 10 13 25
20 13 10 13 12 5 18 19 16 7 14 24 6 22 9
4 7 10 13 18 16 7 14 24
18 3 10 12 5
8 3 25 12 5
19 3 10 13 25
24 9 10 13 25 12 19 16 14 21 3
2 9 10 25 12 5 18 19 16 7 14

2 1
1 1 2

19 17
14 2 7 10
18 11 3 7 14 5 16 6 11 12 2 9 1
13 10 7 14 5 16 12 9 18 8 19 4
9 8 3 7 10 14 16 6 12 2
10 2 3 7
16 4 3 7 10 5
8 9 3 7 14 5 16 6 11 2 18
11 4 3 7 10 5
17 5 7 14 11 2 1
5 3 7 10 14
4 9 3 7 16 6 11 12 2 1 19
15 15 3 14 5 16 6 11 12 2 9 1 18 8 19 4 13
19 10 3 7 5 16 6 11 2 9 1 17
6 2 10 14
1 6 3 14 16 6 11 12
12 1 11
2 7 3 7 10 14 5 11 12

8 7
3 4 8 1 2 4
6 3 5 1 4
1 3 7 5 8
4 4 7 5 1 2
2 2 8 1
8 2 7 5
5 1 7

3 1
2 2 3 1

26 25
13 16 11 3 25 5 4 16 22 17 15 12 19 26 14 21 9 1
9 11 25 4 20 2 15 12 7 23 10 19 26
22 2 11 8
14 13 3 5 4 16 8 17 12 7 18 23 10 19 26
12 5 11 25 16 22 17
15 5 3 25 5 8 22
20 7 3 25 4 16 8 22 17
3 1 11
10 14 3 25 5 4 16 8 22 17 20 2 15 18 23 6
17 5 25 5 16 8 22
2 3 11 25 22
16 2 11 4
4 2 11 5
1 15 3 16 8 17 20 15 12 7 18 23 6 10 19 14 21
23 9 3 25 5 16 8 22 20 15 18
26 8 11 25 4 8 7 18 23 6
8 5 11 3 25 4 16
6 8 5 4 16 8 20 2 15 12
24 12 11 3 5 8 22 17 2 7 18 23 19 1
25 1 3
19 11 11 25 5 4 8 20 15 12 23 6 10
5 1 11
18 6 11 4 16 8 2 12
21 12 11 3 5 4 16 22 20 15 12 23 6 26
7 9 11 25 5 4 16 8 22 20 12

29 27
17 8 7 4 1 29 21 20 6 28
26 3 23 19 25
6 8 8 25 7 4 26 29 15 16
4 4 23 8 25 7
9 6 7 26 29 15 16 21
14 13 23 19 8 4 26 15 21 6 22 2 28 24 13
13 15 19 8 7 4 1 10 29 16 21 9 20 6 28 11 27
25 1 23
20 10 23 19 8 25 7 4 1 10 29 15
24 15 19 7 1 10 16 21 9 20 6 12 22 2 28 17 11
10 4 23 8 7 4
1 7 23 19 8 25 7 4 26
22 9 23 19 8 26 1 10 29 15 6
2 11 23 19 8 7 4 26 1 15 16 21 12
21 7 23 8 7 4 26 10 16
18 11 23 25 7 26 10 29 16 2 17 24 13
27 16 23 19 7 4 26 1 10 21 9 20 6 22 28 17 11 24
12 8 23 7 26 10 15 16 20 6
11 15 19 8 25 7 26 1 10 21 9 20 6 22 2 28 17
8 1 19
3 19 8 7 4 26 1 10 29 15 16 21 20 6 12 22 17 11 27 13 14
29 2 19 8
16 9 23 19 8 7 26 1 10 29 15
7 1 19
15 6 23 8 25 7 4 26
5 21 23 8 25 7 4 1 10 29 15 16 21 9 20 6 12 22 2 17 24 13 14
28 13 23 19 8 25 4 26 1 29 16 9 20 6 12

3 0

8 6
1 4 2 5 8 6
3 2 2 5
4 4 2 3 8 6
6 2 2 5
7 5 2 5 3 8 1
8 1 2

7 6
7 3 4 1 2
5 1 1
3 4 4 1 5 2
1 1 4
2 3 4 1 5
6 3 4 1 2

1 0

15 14
14 4 6 7 12 11
2 5 15 3 13 11 8
12 3 5 6 15
9 8 6 7 12 3 13 11 8 2
8 6 5 6 7 15 3 11
6 1 5
10 9 5 6 7 15 3 13 11 14 4
15 2 5 6
1 6 5 6 7 13 11 9
13 4 5 7 12 3
7 1 6
4 9 6 7 15 12 3 13 11 2 14
11 6 5 7 15 12 3 13
3 4 5 7 15 12

13 10
7 2 5 3
6 7 5 12 1 3 8 9 13
13 3 1 7 9
4 6 11 5 1 3 9 10
5 1 11
3 2 5 12
10 4 5 12 3 13
8 4 11 12 1 7
2 6 5 1 3 7 13 4
9 6 11 5 12 1 3 8

26 24
21 2 13 6
9 12 13 6 4 18 26 17 23 20 24 16 22 15
15 13 13 6 4 21 25 8 18 11 3 23 24 22 5
17 5 6 4 25 8 26
26 3 6 21 8
12 14 6 4 21 25 18 26 11 20 24 16 22 15 9 1
7 13 6 4 21 8 18 26 3 20 24 16 22 15 9
20 8 21 25 8 18 17 11 3 23
5 9 13 4 25 8 18 26 17 11 24
16 3 21 26 24
22 9 13 6 21 25 8 17 11 20 16
18 2 13 21
24 13 13 6 4 21 25 8 18 26 17 11 3 23 20
14 12 13 4 25 8 17 23 24 16 22 5 15 9
23 6 4 21 25 8 17 3
8 4 6 4 21 25
1 12 6 4 18 26 11 24 16 22 15 14 7 2
25 3 13 4 21
2 14 4 8 18 17 11 3 23 24 22 15 9 14 10 7
19 12 13 8 26 17 11 3 23 15 10 7 2 1
11 7 13 6 25 8 18 26 17
3 8 13 6 4 21 8 18 26 17
10 10 13 6 21 8 18 23 24 16 5 14
4 1 13

13 12
4 2 10 13
12 6 8 10 4 9 1 2
7 10 8 13 4 6 3 1 2 12 11 5
9 3 8 10 4
13 1 8
6 2 8 4
10 1 8
5 5 8 13 2 12 11
11 5 8 6 3 9 12
3 4 10 13 4 6
1 5 8 13 4 6 3
2 5 8 10 4 6 1

4 3
3 1 4
1 1 3
2 1 3

25 23
19 8 5 12 18 2 13 3 8 17
12 2 5 22
18 3 22 12 4
4 3 5 22 12
16 16 5 22 12 18 2 13 3 11 24 8 19 20 21 23 1 14
1 8 5 12 2 13 8 17 19 20
24 7 4 18 2 9 13 3 11
2 4 5 22 4 18
15 10 5 22 4 2 9 13 3 11 17 19
11 3 12 18 2
7 18 22 12 4 18 2 13 25 3 24 8 17 19 21 1 15 16 10 6
8 9 5 22 12 4 18 2 25 11 24
6 16 5 4 9 25 3 11 24 8 17 19 21 23 1 15 14 10
14 12 22 12 13 25 11 24 8 17 19 20 21 15
25 6 5 12 4 18 2 9
20 7 12 4 2 25 3 17 19
23 10 22 12 4 9 13 3 11 24 8 20
21 11 5 22 4 9 13 25 3 11 24 17 19
3 3 5 4 25
10 13 22 12 4 18 9 13 25 24 8 17 21 23 14
9 4 5 12 4 18
13 3 5 12 9
17 8 22 4 18 9 25 3 11 8

6 4
4 2 6 1
2 1 1
3 1 6
1 1 6

16 15
16 8 12 11 5 2 14 9 3 15
5 5 12 13 11 4 10
10 3 13 11 4
8 6 12 11 10 5 14 9
2 4 12 4 10 5
3 5 11 10 7 9 6
13 1 12
15 7 12 11 10 5 14 8 1
14 5 13 11 5 7 2
4 3 12 13 11
1 10 12 13 11 10 7 14 9 6 8 3
7 2 4 5
6 6 4 5 7 2 14 9
9 4 12 11 4 7
11 1 12

24 23
9 11 5 8 10 1 20 2 13 19 7 21 22
13 5 8 10 1 2 23
11 9 5 3 16 24 17 10 1 20 2
12 14 8 3 17 10 1 20 2 23 13 11 19 21 22 18
17 2 8 3
8 1 5
19 7 5 24 10 1 2 11 15
7 11 5 3 24 10 1 2 23 11 15 6 14
3 2 5 8
24 3 8 3 16
10 3 5 8 16
14 7 8 17 10 20 23 19 6
20 6 5 3 24 17 10 1
4 12 3 16 10 20 2 13 11 15 6 14 22 9
15 7 8 24 10 1 2 13 11
23 7 3 16 17 10 1 20 2
6 11 5 3 16 24 10 1 20 2 11 15 19
16 1 5
1 5 8 3 16 24 17
2 5 5 17 10 1 20
21 9 5 8 3 17 10 1 15 19 7
22 11 16 1 20 2 23 13 11 15 19 6 7
18 14 8 3 16 17 1 20 2 13 19 6 7 21 9 4

12 11
12 6 11 10 8 9 1 3
3 1 10
10 1 11
2 5 11 10 3 5 6
5 2 10 3
9 3 11 10 8
4 6 10 1 3 5 6 2
7 6 8 1 3 5 12 6
8 1 10
6 5 11 10 1 3 5
1 3 11 8 9

13 12
9 6 5 7 8 13 4 1
12 6 5 7 8 13 1 2
2 7 5 8 13 4 1 9 6
10 6 5 7 8 13 1 9
8 1 7
7 1 5
11 7 7 13 1 6 2 3 12
6 4 5 8 1 9
1 3 5 13 4
4 1 5
13 2 7 8
3 5 5 8 13 9 10

13 10
8 2 12 7
9 5 1 8 3 2 10
6 8 12 11 8 13 3 2 10 9
4 3 12 7 8
1 2 12 11
10 5 12 7 8 3 2
5 8 12 7 11 8 13 3 10 9
13 4 7 1 8 4
3 4 12 7 11 1
2 5 7 11 8 4 13

8 7
5 4 7 8 3 4
4 4 7 6 8 3
8 1 6
6 1 7
2 3 6 8 4
1 3 3 4 2
3 2 7 8

17 16
8 13 15 14 17 16 1 2 5 6 13 4 3 9 10
16 2 15 17
3 7 15 14 1 2 5 6 13
4 6 17 16 2 5 6 13
9 7 15 17 1 6 13 4 3
13 4 1 11 2 5
5 5 14 17 16 1 2
14 1 15
6 2 2 5
17 2 15 14
1 3 15 14 17
2 2 16 11
7 7 15 16 5 6 13 4 3
10 9 14 17 16 1 2 5 6 13 4
11 4 15 17 16 1
12 7 17 16 1 2 5 3 9

30 29
19 2 4 6
5 14 4 6 16 11 10 28 25 29 18 26 30 22 13 21
26 9 4 6 19 16 8 11 10 25 18
12 16 4 19 16 11 28 17 25 29 30 22 13 15 7 5 3 14
22 7 19 16 11 28 17 26 30
14 13 16 8 11 17 29 18 26 30 22 21 7 5 27
1 19 4 6 16 8 11 28 17 25 30 22 13 21 7 2 3 14 23 12 24
8 2 4 6
15 8 6 19 11 10 25 26 30 22
18 6 6 8 11 28 25 29
13 11 4 19 16 8 10 28 17 29 18 26 30
30 8 6 16 11 10 28 17 25 26
23 19 4 19 16 10 28 17 25 18 30 22 13 21 15 5 2 20 3 27 14
7 11 19 8 11 28 17 25 29 26 30 22 15
29 8 4 6 19 16 8 11 10 25
3 14 6 19 11 28 17 25 18 26 30 22 13 21 2 20
17 3 6 8 28
21 11 6 8 11 10 28 17 29 18 26 22 13
16 1 19
11 5 4 6 19 16 8
2 14 4 6 16 8 10 25 29 26 22 13 21 15 7 5
6 1 4
9 17 4 19 16 8 28 25 29 18 26 21 7 5 2 20 3 27 23
20 13 6 16 8 10 28 17 18 26 30 13 21 15 2
28 5 4 6 16 8 11
10 2 4 16
25 6 4 6 11 10 28 17
27 12 4 19 16 8 10 29 26 22 21 15 20 3
24 15 4 11 10 17 25 29 26 13 15 7 5 2 14 23 9

30 28
22 21 17 10 21 4 24 26 25 16 5 15 30 14 19 8 23 20 2 3 18 29 1
3 10 17 10 21 26 5 15 7 14 9 23
23 13 17 10 11 21 4 27 26 25 28 16 7 14 19
21 1 11
20 14 17 10 11 21 4 27 25 16 5 15 30 7 14 8
25 5 17 11 21 27 26
8 10 10 21 27 26 25 28 16 5 15 30
2 12 21 4 24 26 25 16 15 30 9 8 23 20
30 10 17 10 11 27 24 26 25 28 5 15
16 7 17 10 4 24 26 25 28
29 13 17 11 27 25 16 7 14 9 19 8 23 3 18
15 5 10 11 21 24 26
9 14 17 11 4 27 24 26 25 28 16 5 15 30 7 14
28 5 17 10 4 26 25
19 10 17 10 21 4 27 24 26 5 30 7
1 17 17 10 11 21 24 26 28 16 15 14 9 8 23 20 2 18 29
13 17 10 11 21 4 24 28 16 5 15 7 9 19 8 23 2 3 29
18 14 10 27 24 26 28 16 5 30 14 9 19 23 20 2
11 1 10
7 6 27 24 26 28 5 15
5 8 17 10 21 4 24 26 25 16
12 19 17 10 21 27 26 25 16 30 7 9 19 23 20 2 3 18 6 1 13
4 4 17 10 11 21
26 6 17 10 11 21 4 27
24 4 17 10 11 27
6 11 17 21 24 25 16 7 14 9 19 8 3
27 3 17 11 21
14 11 17 10 11 21 4 27 26 25 28 16 7

19 17
5 9 6 7 4 10 1 8 14 15 2
17 8 19 3 18 6 1 11 14 2
18 2 19 3
2 10 3 18 6 13 4 10 12 8 14 15
12 8 18 6 7 9 4 10 11 16
13 3 18 6 7
15 7 19 3 7 13 11 8 14
14 6 3 18 6 7 1 12
4 5 19 6 7 13 9
6 1 3
7 2 18 6
9 3 19 3 13
8 9 19 18 7 9 10 1 11 16 12
11 5 19 3 18 9 4
10 4 6 13 9 4
1 6 19 3 6 7 13 9
16 5 18 6 13 1 11

15 14
7 1 12
6 8 12 11 9 5 10 13 15 8
3 2 14 12
2 4 12 7 11 9
4 3 3 7 11
9 4 14 3 11 4
12 1 14
8 10 14 12 3 7 11 9 2 1 5 10
10 9 14 12 3 7 11 4 9 2 1
1 5 14 12 3 11 2
5 6 14 12 3 11 9 2
13 7 14 12 11 9 2 5 10
11 2 14 12
15 8 3 7 11 4 9 1 5 10

3 1
2 2 3 1

16 15
3 4 11 1 2 15
16 1 12
13 8 12 11 6 1 3 5 9 7
9 6 11 1 2 15 4 5
15 6 12 16 11 6 1 10
14 10 16 11 6 1 15 4 3 5 8 9
2 3 12 16 6
6 2 16 11
10 6 12 16 11 6 1 2
8 6 12 16 11 10 15 5
4 5 11 6 1 10 15
5 7 12 16 11 6 10 15 4
1 2 12 16
11 1 16
7 9 16 6 1 2 10 15 4 3 5

27 26
6 15 8 22 7 10 16 5 12 4 3 20 2 18 26 15 13
19 4 21 27 8 22
26 15 21 27 17 8 7 19 10 16 5 14 4 9 3 2 1
20 10 21 27 17 8 22 16 12 14 4 3
15 15 27 8 22 7 10 16 5 12 14 24 3 20 2 1 26
17 2 21 27
14 7 21 27 17 7 19 10 5
10 4 21 27 22 19
5 9 21 27 17 8 22 7 19 10 16
8 3 21 27 17
24 8 21 17 8 7 19 16 12 4
2 7 21 27 8 22 7 16 3
9 9 21 27 17 7 19 5 12 14 24
13 12 27 19 10 16 12 14 4 24 9 3 18 26
12 6 21 27 17 22 19 16
4 6 21 8 7 16 12 14
23 10 27 22 10 5 14 4 24 20 2 18
16 4 21 8 22 7
11 19 21 27 17 22 7 19 10 5 12 14 4 9 20 2 1 26 15 13 25
1 17 21 27 17 8 22 7 19 10 16 5 12 24 9 3 20 2 18
18 13 27 8 22 7 10 5 12 4 24 9 3 20 2
27 1 21
3 9 21 17 8 7 10 14 4 24 9
22 4 21 27 17 8
25 18 27 8 7 19 10 16 5 4 24 9 3 20 2 18 1 26 15 13
7 3 27 17 22

13 12
12 5 1 10 11 9 13
13 4 1 10 11 9
9 2 1 11
5 3 13 2 6
8 7 1 11 7 12 2 3 6
4 8 1 10 9 13 7 12 2 6
10 1 1
2 4 1 9 13 12
11 2 1 10
7 4 10 11 9 13
3 5 1 11 9 7 2
6 4 1 11 7 3

5 3
3 3 2 5 4
4 1 2
1 2 2 3

13 11
2 1 5
10 6 5 1 8 4 7 12
6 7 8 7 12 10 13 3 9
11 8 5 1 8 4 7 10 3 9
3 6 5 8 4 7 10 13
13 1 10
12 5 5 2 1 8 7
9 7 2 1 8 4 12 10 3
4 1 5
7 4 5 1 8 4
8 2 5 2

7 6
1 2 3 4
2 4 3 4 1 6
4 1 3
7 3 4 6 2
6 3 3 4 1
5 4 3 4 6 7

4 1
1 2 3 2

23 22
22 2 1 16
21 4 1 20 16 22
5 11 23 20 16 12 22 21 4 3 15 11 14
6 7 16 12 22 21 4 3 18
17 12 23 16 12 22 4 3 18 6 11 14 7 5
9 9 4 3 18 6 15 14 10 17 8
10 9 20 16 22 21 18 6 15 11 14
19 13 1 23 16 6 15 11 14 10 5 17 2 8 9
14 11 23 16 12 22 21 4 3 18 6 15 11
4 3 23 20 16
16 2 1 23
13 13 1 23 20 16 22 21 3 18 6 11 14 7 5
11 8 1 23 20 16 12 22 4 18
2 11 23 20 22 21 4 3 6 11 10 5 17
15 7 23 16 22 4 3 18 6
8 12 1 23 20 16 21 4 3 18 6 15 11 7
7 12 23 20 16 12 22 21 4 3 18 6 14 10
12 3 1 23 16
23 1 1
18 7 1 23 16 12 21 4 3
20 1 23
3 5 23 20 12 22 4

24 22
4 10 24 13 10 8 2 14 17 6 23 5
20 15 24 21 9 19 8 11 22 17 6 23 18 5 4 12 7
11 5 24 13 10 21 19
3 14 24 10 19 8 11 2 14 22 6 23 18 16 5 12
12 14 24 13 9 19 8 11 2 14 22 17 23 18 16 5
9 3 24 13 10
1 11 10 21 19 14 22 6 18 16 5 4 15
15 13 24 13 10 21 9 19 11 2 17 6 23 18 4
23 9 13 21 19 8 11 2 22 17 6
22 5 13 10 19 11 2
7 12 24 21 19 8 11 14 17 23 5 15 12 1
19 4 13 10 21 9
16 8 24 13 9 11 2 22 17 23
17 6 24 21 9 19 8 22
14 5 24 13 10 19 8
8 4 24 13 10 19
13 1 24
6 10 24 13 10 21 9 19 8 11 14 22
18 10 24 10 9 19 8 11 2 22 17 6
2 3 13 10 19
5 9 24 13 9 8 2 14 22 6 23
21 1 24

9 8
2 3 7 4 8
6 2 5 3
7 2 5 3
3 1 5
4 2 5 3
1 6 5 6 7 4 9 8
9 5 5 3 6 7 4
8 3 5 3 6

28 27
5 6 1 24 17 2 25 23
24 1 1
10 11 12 19 17 8 2 5 3 9 14 22 20
27 18 1 24 12 18 19 8 25 5 21 15 9 6 22 20 28 10 13 4
17 1 18
18 2 1 12
3 6 18 19 17 8 2 5
9 10 24 12 18 17 7 2 25 21 15 11
15 11 1 24 12 18 19 17 8 2 5 21 3
4 16 1 24 17 8 25 23 5 3 15 9 6 14 22 28 10 13
21 7 24 12 18 8 2 23 5
7 1 1
25 5 1 18 19 7 8
14 11 1 24 19 17 7 8 2 23 5 11 9
16 14 1 24 18 19 17 23 15 11 9 14 22 20 13 27
26 15 24 12 17 2 23 5 21 3 9 6 22 20 13 4 27
2 4 24 18 17 7
6 10 1 18 19 17 23 21 3 15 11 9
20 15 24 12 19 7 25 23 5 21 3 15 11 9 6 14 22
11 7 12 19 17 7 23 5 15
19 1 12
28 13 24 12 18 19 2 25 23 5 15 11 6 14 22
23 8 1 12 18 19 7 8 2 25
13 15 24 12 7 8 2 25 23 21 15 9 14 22 20 28 10
8 3 24 12 19
12 2 1 24
22 11 18 19 17 7 8 25 23 5 21 15 9