5 4
3 2 1 5
2 2 5 3
4 1 3
5 1 1

5 4
3 2 1 5
2 2 5 3
4 1 3
5 1 1

100 99	
1 1 2
2 1 3
3 1 4
4 1 5
5 1 6
6 1 7
7 1 8
8 1 9
9 1 10
10 1 11
11 1 12
12 1 13
13 1 14
14 1 15
15 1 16
16 1 17
17 1 18
18 1 19
19 1 20
20 1 21
21 1 22
22 1 23
23 1 24
24 1 25
25 1 26
26 1 27
27 1 28
28 1 29
29 1 30
30 1 31
31 1 32
32 1 33
33 1 34
34 1 35
35 1 36
36 1 37
37 1 38
38 1 39
39 1 40
40 1 41
41 1 42
42 1 43
43 1 44
44 1 45
45 1 46
46 1 47
47 1 48
48 1 49
49 1 50
50 1 51
51 1 52
52 1 53
53 1 54
54 1 55
55 1 56
56 1 57
57 1 58
58 1 59
59 1 60
60 1 61
61 1 62
62 1 63
63 1 64
64 1 65
65 1 66
66 1 67
67 1 68
68 1 69
69 1 70
70 1 71
71 1 72
72 1 73
73 1 74
74 1 75
75 1 76
76 1 77
77 1 78
78 1 79
79 1 80
80 1 81
81 1 82
82 1 83
83 1 84
84 1 85
85 1 86
86 1 87
87 1 88
88 1 89
89 1 90
90 1 91
91 1 92
92 1 93
93 1 94
94 1 95
95 1 96
96 1 97
97 1 98
98 1 99
99 1 100

96 55
62 8 76 71 73 89 65 95 84 70
61 9 80 63 93 88 64 95 76 86 70
60 7 74 64 63 95 82 70 80
59 8 95 83 76 78 79 94 74 90
58 7 71 92 69 75 84 87 66
57 9 82 95 66 72 77 85 76 75 62
56 5 81 95 83 85 77
55 6 70 86 94 95 68 60
54 9 57 72 87 80 90 79 71 78 65
53 7 61 71 58 73 91 55 77
52 8 80 68 74 60 67 56 82 71
51 8 93 74 58 80 78 73 64 53
50 2 57 60
49 5 58 96 50 51 83
48 8 85 74 94 78 63 86 87 62
47 2 94 52
46 2 82 92
45 5 83 49 61 85 69
44 6 70 74 87 56 75 57
43 3 87 63 51
42 5 63 75 44 83 59
41 2 88 86
40 4 54 89 86 79
39 4 73 43 45 66
32 4 73 79 45 46
31 3 65 45 32
30 4 32 70 96 92
29 5 80 64 58 72 56
28 3 50 47 67
27 8 48 40 70 62 93 37 66 50
26 2 37 59
25 4 26 75 52 83
24 7 91 59 84 90 56 27 92
23 5 24 34 40 93 81
22 5 42 57 52 83 34
21 9 72 60 84 31 77 86 64 76 56
20 2 76 37
19 3 28 40 86
18 7 39 28 37 34 86 53 21
17 2 64 31
16 7 35 80 79 23 92 25 43
15 5 96 75 54 27 68
14 3 93 31 46
13 6 44 19 86 31 73 32
12 2 78 92
11 5 15 21 32 18 25
10 1 56
9 1 32
8 4 75 54 22 86
7 6 68 58 30 40 55 94
6 8 54 88 63 76 45 13 78 70
5 4 15 66 37 42
4 8 8 41 29 76 17 11 46 55
3 9 45 21 19 56 68 67 91 30 66
2 2 45 57


58 16
2 1 33
3 2 50 52
4 3 38 6 33
5 4 47 29 23 38
6 4 43 54 26 49
7 2 48 32
8 7 56 24 32 33 50 19 22
9 6 48 44 4 33 51 8
10 8 42 44 28 46 8 5 50 37
11 6 20 22 27 13 41 35
12 7 15 49 41 2 7 8 56
13 9 15 53 5 3 10 26 43 41 25
14 4 33 22 31 23
15 7 40 1 26 7 14 2 6
16 9 56 44 39 7 12 13 3 19 23
17 2 26 34

36 23
36 12 17 8 1 9 5 22 31 33 12 10 18 27
28 1 17
35 9 22 9 28 36 27 1 8 12 31
30 15 31 34 28 12 18 33 10 5 27 8 9 1 35 22 17
2 3 8 22 30
3 17 18 12 31 34 22 1 36 9 10 33 8 17 2 27 35 5 30
32 10 31 28 36 27 17 5 18 22 34 1
24 15 3 34 5 31 32 18 36 2 1 33 9 28 8 17 10
21 14 32 33 22 5 12 1 31 18 35 8 27 10 3 9
19 13 5 30 1 22 35 33 27 3 10 9 28 12 21
4 12 34 2 3 31 17 24 10 36 22 30 12 32
23 11 18 1 2 22 27 9 31 12 36 8 24
16 14 24 5 12 2 30 35 21 23 34 36 27 18 8 31
29 15 16 3 8 21 18 1 31 28 4 12 17 36 33 10 35
25 22 31 34 12 27 1 2 8 19 4 23 5 10 3 9 35 21 18 22 16 17 24 32
7 12 16 28 19 27 34 24 17 12 8 33 23 25
13 25 27 7 1 17 5 24 23 18 22 10 35 2 8 29 21 32 25 30 31 12 3 19 28 33 9
26 17 32 7 5 23 24 33 16 2 9 10 21 35 8 34 36 12 22
11 18 19 25 22 9 28 4 17 36 5 12 30 34 18 7 35 33 2 24
15 20 21 30 5 10 19 11 3 32 22 34 35 2 23 26 25 36 29 12 17 27
20 17 27 25 32 29 34 11 28 36 1 9 30 12 5 3 16 23 19
6 33 4 15 13 30 1 31 28 17 35 27 20 16 32 36 24 25 3 8 21 19 10 29 26 22 5 33 23 2 34 7 11 9 18
14 15 28 24 18 31 30 27 19 35 26 3 2 6 23 13 36

4 3
3 2 1 2
2 1 1
4 1 1

95 90
12 4 51 20 45 44
3 5 15 51 20 26 45
17 1 26
34 1 26
42 2 44 3
50 8 3 51 12 34 45 42 15 9
11 5 44 3 42 12 50
52 8 44 42 26 17 11 15 50 9
38 6 34 52 9 51 44 42
18 11 11 17 20 51 42 9 15 52 3 38 50
27 4 50 17 18 26
6 4 51 12 52 26
10 18 27 6 3 51 9 42 50 15 11 12 18 38 52 26 44 17 45 20
23 9 20 38 11 27 34 12 51 50 9
19 8 10 42 45 11 12 3 44 17
31 16 9 34 20 44 12 3 45 42 23 10 6 50 19 15 26 38
39 21 42 19 10 17 20 50 34 45 52 9 38 51 26 15 11 27 6 18 12 23 31
36 19 15 9 26 31 27 45 39 6 42 23 3 19 34 17 51 50 38 11 12
48 19 19 51 36 26 27 3 9 6 10 11 45 12 20 17 52 23 15 38 44
37 22 6 17 48 44 15 26 18 50 42 52 36 38 19 10 31 39 20 45 12 11 34 27
1 18 52 31 42 39 23 36 26 45 6 11 17 38 10 37 18 51 44 50
49 11 45 17 10 3 51 12 1 6 42 34 11
33 18 49 6 36 44 18 20 9 27 37 31 19 48 42 11 23 26 3 10
4 10 23 6 51 19 15 52 31 39 34 17
35 11 18 1 4 3 38 10 52 44 9 34 50
40 23 23 34 3 37 39 48 4 18 38 9 33 42 17 27 44 36 26 10 11 35 20 1 50
30 2 48 10
47 18 31 30 33 4 15 42 40 35 19 50 45 27 1 3 52 48 44 6
16 28 34 11 30 42 17 9 45 51 1 50 10 44 26 19 6 36 12 20 52 35 15 49 23 39 31 48 18 33
8 23 16 35 39 15 48 36 31 44 9 40 12 42 27 20 1 52 26 23 37 51 11 6 30
7 20 19 47 51 45 11 50 38 10 6 36 17 23 1 52 15 4 48 3 26 18
21 38 52 18 6 17 4 30 49 3 11 34 19 44 26 38 9 36 27 31 16 45 23 47 39 8 35 37 42 12 50 48 1 33 7 40 51 10 15 20
43 8 19 42 51 35 10 49 15 30
32 16 39 35 34 47 42 27 10 8 37 33 49 31 23 51 4 7
28 3 32 39 19
25 5 30 6 18 47 8
2 12 7 50 23 35 27 37 30 52 4 45 8 20
46 42 6 40 8 11 39 28 7 30 38 36 16 10 45 37 31 47 49 1 12 19 26 32 18 2 15 9 17 52 48 21 3 34 35 44 23 4 20 43 25 33 27 50
14 36 16 20 44 40 39 21 47 9 4 15 43 8 36 42 52 19 45 23 12 31 25 33 2 48 32 27 30 49 17 7 18 50 10 6 37 38
13 45 44 32 10 35 46 18 19 4 38 8 15 52 33 16 49 51 12 36 39 42 20 3 34 7 1 43 11 50 27 21 30 45 40 31 2 37 14 23 47 28 48 6 9 17 25
29 36 40 1 36 18 38 52 45 7 16 14 3 6 10 23 34 39 9 13 47 26 51 20 43 4 33 48 2 30 42 11 37 27 12 32 50 49
41 40 12 1 26 14 39 38 2 51 45 10 29 20 7 23 18 44 36 3 9 42 40 43 34 28 35 52 48 11 21 46 33 37 50 17 13 32 47 30 49 15
5 11 19 48 16 18 41 42 11 44 40 51 15
24 22 18 42 27 1 23 7 15 39 5 38 26 17 21 8 35 50 45 29 37 43 2 10
22 40 26 5 7 35 4 6 42 38 19 36 25 21 28 48 49 12 37 32 30 23 43 2 50 1 44 18 33 40 13 47 27 45 31 46 3 52 51 16 20 24 
12 4 51 20 45 44
3 5 15 51 20 26 45
17 1 26
34 1 26
42 2 44 3
50 8 3 51 12 34 45 42 15 9
11 5 44 3 42 12 50
52 8 44 42 26 17 11 15 50 9
38 6 34 52 9 51 44 42
18 11 11 17 20 51 42 9 15 52 3 38 50
27 4 50 17 18 26
6 4 51 12 52 26
10 18 27 6 3 51 9 42 50 15 11 12 18 38 52 26 44 17 45 20
23 9 20 38 11 27 34 12 51 50 9
19 8 10 42 45 11 12 3 44 17
31 16 9 34 20 44 12 3 45 42 23 10 6 50 19 15 26 38
39 21 42 19 10 17 20 50 34 45 52 9 38 51 26 15 11 27 6 18 12 23 31
36 19 15 9 26 31 27 45 39 6 42 23 3 19 34 17 51 50 38 11 12
48 19 19 51 36 26 27 3 9 6 10 11 45 12 20 17 52 23 15 38 44
37 22 6 17 48 44 15 26 18 50 42 52 36 38 19 10 31 39 20 45 12 11 34 27
1 18 52 31 42 39 23 36 26 45 6 11 17 38 10 37 18 51 44 50
49 11 45 17 10 3 51 12 1 6 42 34 11
33 18 49 6 36 44 18 20 9 27 37 31 19 48 42 11 23 26 3 10
4 10 23 6 51 19 15 52 31 39 34 17
35 11 18 1 4 3 38 10 52 44 9 34 50
40 23 23 34 3 37 39 48 4 18 38 9 33 42 17 27 44 36 26 10 11 35 20 1 50
30 2 48 10
47 18 31 30 33 4 15 42 40 35 19 50 45 27 1 3 52 48 44 6
16 28 34 11 30 42 17 9 45 51 1 50 10 44 26 19 6 36 12 20 52 35 15 49 23 39 31 48 18 33
8 23 16 35 39 15 48 36 31 44 9 40 12 42 27 20 1 52 26 23 37 51 11 6 30
7 20 19 47 51 45 11 50 38 10 6 36 17 23 1 52 15 4 48 3 26 18
21 38 52 18 6 17 4 30 49 3 11 34 19 44 26 38 9 36 27 31 16 45 23 47 39 8 35 37 42 12 50 48 1 33 7 40 51 10 15 20
43 8 19 42 51 35 10 49 15 30
32 16 39 35 34 47 42 27 10 8 37 33 49 31 23 51 4 7
28 3 32 39 19
25 5 30 6 18 47 8
2 12 7 50 23 35 27 37 30 52 4 45 8 20
46 42 6 40 8 11 39 28 7 30 38 36 16 10 45 37 31 47 49 1 12 19 26 32 18 2 15 9 17 52 48 21 3 34 35 44 23 4 20 43 25 33 27 50
14 36 16 20 44 40 39 21 47 9 4 15 43 8 36 42 52 19 45 23 12 31 25 33 2 48 32 27 30 49 17 7 18 50 10 6 37 38
13 45 44 32 10 35 46 18 19 4 38 8 15 52 33 16 49 51 12 36 39 42 20 3 34 7 1 43 11 50 27 21 30 45 40 31 2 37 14 23 47 28 48 6 9 17 25
29 36 40 1 36 18 38 52 45 7 16 14 3 6 10 23 34 39 9 13 47 26 51 20 43 4 33 48 2 30 42 11 37 27 12 32 50 49
41 40 12 1 26 14 39 38 2 51 45 10 29 20 7 23 18 44 36 3 9 42 40 43 34 28 35 52 48 11 21 46 33 37 50 17 13 32 47 30 49 15
5 11 19 48 16 18 41 42 11 44 40 51 15
24 22 18 42 27 1 23 7 15 39 5 38 26 17 21 8 35 50 45 29 37 43 2 10
22 40 26 5 7 35 4 6 42 38 19 36 25 21 28 48 49 12 37 32 30 23 43 2 50 1 44 18 33 40 13 47 27 45 31 46 3 52 51 16 20 24 

100 99
1 1 2
1 1 2
1 1 2
1 1 2
1 1 2
1 1 2
1 1 2
1 1 2
1 1 2
1 1 2
1 1 2
1 1 2
1 1 2
1 1 2
1 1 2
1 1 2
1 1 2
1 1 2
1 1 2
1 1 2
1 1 2
1 1 2
1 1 2
1 1 2
1 1 2
1 1 2
1 1 2
1 1 2
1 1 2
1 1 2
1 1 2
1 1 2
1 1 2
1 1 2
1 1 2
1 1 2
1 1 2
1 1 2
1 1 2
1 1 2
1 1 2
1 1 2
1 1 2
1 1 2
1 1 2
1 1 2
1 1 2
1 1 2
1 1 2
1 1 2
1 1 2
1 1 2
1 1 2
1 1 2
1 1 2
1 1 2
1 1 2
1 1 2
1 1 2
1 1 2
1 1 2
1 1 2
1 1 2
1 1 2
1 1 2
1 1 2
1 1 2
1 1 2
1 1 2
1 1 2
1 1 2
1 1 2
1 1 2
1 1 2
1 1 2
1 1 2
1 1 2
1 1 2
1 1 2
1 1 2
1 1 2
1 1 2
1 1 2
1 1 2
1 1 2
1 1 2
1 1 2
1 1 2
1 1 2
1 1 2
1 1 2
1 1 2
1 1 2
1 1 2
1 1 2
1 1 2
1 1 2
1 1 2
1 1 2

5 4
3 2 1 5
2 2 5 3
4 1 3
5 1 1

5 4
3 2 1 5
2 2 5 3
4 1 3
5 1 1

100 99	
1 1 2
2 1 3
3 1 4
4 1 5
5 1 6
6 1 7
7 1 8
8 1 9
9 1 10
10 1 11
11 1 12
12 1 13
13 1 14
14 1 15
15 1 16
16 1 17
17 1 18
18 1 19
19 1 20
20 1 21
21 1 22
22 1 23
23 1 24
24 1 25
25 1 26
26 1 27
27 1 28
28 1 29
29 1 30
30 1 31
31 1 32
32 1 33
33 1 34
34 1 35
35 1 36
36 1 37
37 1 38
38 1 39
39 1 40
40 1 41
41 1 42
42 1 43
43 1 44
44 1 45
45 1 46
46 1 47
47 1 48
48 1 49
49 1 50
50 1 51
51 1 52
52 1 53
53 1 54
54 1 55
55 1 56
56 1 57
57 1 58
58 1 59
59 1 60
60 1 61
61 1 62
62 1 63
63 1 64
64 1 65
65 1 66
66 1 67
67 1 68
68 1 69
69 1 70
70 1 71
71 1 72
72 1 73
73 1 74
74 1 75
75 1 76
76 1 77
77 1 78
78 1 79
79 1 80
80 1 81
81 1 82
82 1 83
83 1 84
84 1 85
85 1 86
86 1 87
87 1 88
88 1 89
89 1 90
90 1 91
91 1 92
92 1 93
93 1 94
94 1 95
95 1 96
96 1 97
97 1 98
98 1 99
99 1 100

96 55
62 8 76 71 73 89 65 95 84 70
61 9 80 63 93 88 64 95 76 86 70
60 7 74 64 63 95 82 70 80
59 8 95 83 76 78 79 94 74 90
58 7 71 92 69 75 84 87 66
57 9 82 95 66 72 77 85 76 75 62
56 5 81 95 83 85 77
55 6 70 86 94 95 68 60
54 9 57 72 87 80 90 79 71 78 65
53 7 61 71 58 73 91 55 77
52 8 80 68 74 60 67 56 82 71
51 8 93 74 58 80 78 73 64 53
50 2 57 60
49 5 58 96 50 51 83
48 8 85 74 94 78 63 86 87 62
47 2 94 52
46 2 82 92
45 5 83 49 61 85 69
44 6 70 74 87 56 75 57
43 3 87 63 51
42 5 63 75 44 83 59
41 2 88 86
40 4 54 89 86 79
39 4 73 43 45 66
32 4 73 79 45 46
31 3 65 45 32
30 4 32 70 96 92
29 5 80 64 58 72 56
28 3 50 47 67
27 8 48 40 70 62 93 37 66 50
26 2 37 59
25 4 26 75 52 83
24 7 91 59 84 90 56 27 92
23 5 24 34 40 93 81
22 5 42 57 52 83 34
21 9 72 60 84 31 77 86 64 76 56
20 2 76 37
19 3 28 40 86
18 7 39 28 37 34 86 53 21
17 2 64 31
16 7 35 80 79 23 92 25 43
15 5 96 75 54 27 68
14 3 93 31 46
13 6 44 19 86 31 73 32
12 2 78 92
11 5 15 21 32 18 25
10 1 56
9 1 32
8 4 75 54 22 86
7 6 68 58 30 40 55 94
6 8 54 88 63 76 45 13 78 70
5 4 15 66 37 42
4 8 8 41 29 76 17 11 46 55
3 9 45 21 19 56 68 67 91 30 66
2 2 45 57


58 16
2 1 33
3 2 50 52
4 3 38 6 33
5 4 47 29 23 38
6 4 43 54 26 49
7 2 48 32
8 7 56 24 32 33 50 19 22
9 6 48 44 4 33 51 8
10 8 42 44 28 46 8 5 50 37
11 6 20 22 27 13 41 35
12 7 15 49 41 2 7 8 56
13 9 15 53 5 3 10 26 43 41 25
14 4 33 22 31 23
15 7 40 1 26 7 14 2 6
16 9 56 44 39 7 12 13 3 19 23
17 2 26 34

36 23
36 12 17 8 1 9 5 22 31 33 12 10 18 27
28 1 17
35 9 22 9 28 36 27 1 8 12 31
30 15 31 34 28 12 18 33 10 5 27 8 9 1 35 22 17
2 3 8 22 30
3 17 18 12 31 34 22 1 36 9 10 33 8 17 2 27 35 5 30
32 10 31 28 36 27 17 5 18 22 34 1
24 15 3 34 5 31 32 18 36 2 1 33 9 28 8 17 10
21 14 32 33 22 5 12 1 31 18 35 8 27 10 3 9
19 13 5 30 1 22 35 33 27 3 10 9 28 12 21
4 12 34 2 3 31 17 24 10 36 22 30 12 32
23 11 18 1 2 22 27 9 31 12 36 8 24
16 14 24 5 12 2 30 35 21 23 34 36 27 18 8 31
29 15 16 3 8 21 18 1 31 28 4 12 17 36 33 10 35
25 22 31 34 12 27 1 2 8 19 4 23 5 10 3 9 35 21 18 22 16 17 24 32
7 12 16 28 19 27 34 24 17 12 8 33 23 25
13 25 27 7 1 17 5 24 23 18 22 10 35 2 8 29 21 32 25 30 31 12 3 19 28 33 9
26 17 32 7 5 23 24 33 16 2 9 10 21 35 8 34 36 12 22
11 18 19 25 22 9 28 4 17 36 5 12 30 34 18 7 35 33 2 24
15 20 21 30 5 10 19 11 3 32 22 34 35 2 23 26 25 36 29 12 17 27
20 17 27 25 32 29 34 11 28 36 1 9 30 12 5 3 16 23 19
6 33 4 15 13 30 1 31 28 17 35 27 20 16 32 36 24 25 3 8 21 19 10 29 26 22 5 33 23 2 34 7 11 9 18
14 15 28 24 18 31 30 27 19 35 26 3 2 6 23 13 36

4 3
3 2 1 2
2 1 1
4 1 1

95 90
12 4 51 20 45 44
3 5 15 51 20 26 45
17 1 26
34 1 26
42 2 44 3
50 8 3 51 12 34 45 42 15 9
11 5 44 3 42 12 50
52 8 44 42 26 17 11 15 50 9
38 6 34 52 9 51 44 42
18 11 11 17 20 51 42 9 15 52 3 38 50
27 4 50 17 18 26
6 4 51 12 52 26
10 18 27 6 3 51 9 42 50 15 11 12 18 38 52 26 44 17 45 20
23 9 20 38 11 27 34 12 51 50 9
19 8 10 42 45 11 12 3 44 17
31 16 9 34 20 44 12 3 45 42 23 10 6 50 19 15 26 38
39 21 42 19 10 17 20 50 34 45 52 9 38 51 26 15 11 27 6 18 12 23 31
36 19 15 9 26 31 27 45 39 6 42 23 3 19 34 17 51 50 38 11 12
48 19 19 51 36 26 27 3 9 6 10 11 45 12 20 17 52 23 15 38 44
37 22 6 17 48 44 15 26 18 50 42 52 36 38 19 10 31 39 20 45 12 11 34 27
1 18 52 31 42 39 23 36 26 45 6 11 17 38 10 37 18 51 44 50
49 11 45 17 10 3 51 12 1 6 42 34 11
33 18 49 6 36 44 18 20 9 27 37 31 19 48 42 11 23 26 3 10
4 10 23 6 51 19 15 52 31 39 34 17
35 11 18 1 4 3 38 10 52 44 9 34 50
40 23 23 34 3 37 39 48 4 18 38 9 33 42 17 27 44 36 26 10 11 35 20 1 50
30 2 48 10
47 18 31 30 33 4 15 42 40 35 19 50 45 27 1 3 52 48 44 6
16 28 34 11 30 42 17 9 45 51 1 50 10 44 26 19 6 36 12 20 52 35 15 49 23 39 31 48 18 33
8 23 16 35 39 15 48 36 31 44 9 40 12 42 27 20 1 52 26 23 37 51 11 6 30
7 20 19 47 51 45 11 50 38 10 6 36 17 23 1 52 15 4 48 3 26 18
21 38 52 18 6 17 4 30 49 3 11 34 19 44 26 38 9 36 27 31 16 45 23 47 39 8 35 37 42 12 50 48 1 33 7 40 51 10 15 20
43 8 19 42 51 35 10 49 15 30
32 16 39 35 34 47 42 27 10 8 37 33 49 31 23 51 4 7
28 3 32 39 19
25 5 30 6 18 47 8
2 12 7 50 23 35 27 37 30 52 4 45 8 20
46 42 6 40 8 11 39 28 7 30 38 36 16 10 45 37 31 47 49 1 12 19 26 32 18 2 15 9 17 52 48 21 3 34 35 44 23 4 20 43 25 33 27 50
14 36 16 20 44 40 39 21 47 9 4 15 43 8 36 42 52 19 45 23 12 31 25 33 2 48 32 27 30 49 17 7 18 50 10 6 37 38
13 45 44 32 10 35 46 18 19 4 38 8 15 52 33 16 49 51 12 36 39 42 20 3 34 7 1 43 11 50 27 21 30 45 40 31 2 37 14 23 47 28 48 6 9 17 25
29 36 40 1 36 18 38 52 45 7 16 14 3 6 10 23 34 39 9 13 47 26 51 20 43 4 33 48 2 30 42 11 37 27 12 32 50 49
41 40 12 1 26 14 39 38 2 51 45 10 29 20 7 23 18 44 36 3 9 42 40 43 34 28 35 52 48 11 21 46 33 37 50 17 13 32 47 30 49 15
5 11 19 48 16 18 41 42 11 44 40 51 15
24 22 18 42 27 1 23 7 15 39 5 38 26 17 21 8 35 50 45 29 37 43 2 10
22 40 26 5 7 35 4 6 42 38 19 36 25 21 28 48 49 12 37 32 30 23 43 2 50 1 44 18 33 40 13 47 27 45 31 46 3 52 51 16 20 24 
12 4 51 20 45 44
3 5 15 51 20 26 45
17 1 26
34 1 26
42 2 44 3
50 8 3 51 12 34 45 42 15 9
11 5 44 3 42 12 50
52 8 44 42 26 17 11 15 50 9
38 6 34 52 9 51 44 42
18 11 11 17 20 51 42 9 15 52 3 38 50
27 4 50 17 18 26
6 4 51 12 52 26
10 18 27 6 3 51 9 42 50 15 11 12 18 38 52 26 44 17 45 20
23 9 20 38 11 27 34 12 51 50 9
19 8 10 42 45 11 12 3 44 17
31 16 9 34 20 44 12 3 45 42 23 10 6 50 19 15 26 38
39 21 42 19 10 17 20 50 34 45 52 9 38 51 26 15 11 27 6 18 12 23 31
36 19 15 9 26 31 27 45 39 6 42 23 3 19 34 17 51 50 38 11 12
48 19 19 51 36 26 27 3 9 6 10 11 45 12 20 17 52 23 15 38 44
37 22 6 17 48 44 15 26 18 50 42 52 36 38 19 10 31 39 20 45 12 11 34 27
1 18 52 31 42 39 23 36 26 45 6 11 17 38 10 37 18 51 44 50
49 11 45 17 10 3 51 12 1 6 42 34 11
33 18 49 6 36 44 18 20 9 27 37 31 19 48 42 11 23 26 3 10
4 10 23 6 51 19 15 52 31 39 34 17
35 11 18 1 4 3 38 10 52 44 9 34 50
40 23 23 34 3 37 39 48 4 18 38 9 33 42 17 27 44 36 26 10 11 35 20 1 50
30 2 48 10
47 18 31 30 33 4 15 42 40 35 19 50 45 27 1 3 52 48 44 6
16 28 34 11 30 42 17 9 45 51 1 50 10 44 26 19 6 36 12 20 52 35 15 49 23 39 31 48 18 33
8 23 16 35 39 15 48 36 31 44 9 40 12 42 27 20 1 52 26 23 37 51 11 6 30
7 20 19 47 51 45 11 50 38 10 6 36 17 23 1 52 15 4 48 3 26 18
21 38 52 18 6 17 4 30 49 3 11 34 19 44 26 38 9 36 27 31 16 45 23 47 39 8 35 37 42 12 50 48 1 33 7 40 51 10 15 20
43 8 19 42 51 35 10 49 15 30
32 16 39 35 34 47 42 27 10 8 37 33 49 31 23 51 4 7
28 3 32 39 19
25 5 30 6 18 47 8
2 12 7 50 23 35 27 37 30 52 4 45 8 20
46 42 6 40 8 11 39 28 7 30 38 36 16 10 45 37 31 47 49 1 12 19 26 32 18 2 15 9 17 52 48 21 3 34 35 44 23 4 20 43 25 33 27 50
14 36 16 20 44 40 39 21 47 9 4 15 43 8 36 42 52 19 45 23 12 31 25 33 2 48 32 27 30 49 17 7 18 50 10 6 37 38
13 45 44 32 10 35 46 18 19 4 38 8 15 52 33 16 49 51 12 36 39 42 20 3 34 7 1 43 11 50 27 21 30 45 40 31 2 37 14 23 47 28 48 6 9 17 25
29 36 40 1 36 18 38 52 45 7 16 14 3 6 10 23 34 39 9 13 47 26 51 20 43 4 33 48 2 30 42 11 37 27 12 32 50 49
41 40 12 1 26 14 39 38 2 51 45 10 29 20 7 23 18 44 36 3 9 42 40 43 34 28 35 52 48 11 21 46 33 37 50 17 13 32 47 30 49 15
5 11 19 48 16 18 41 42 11 44 40 51 15
24 22 18 42 27 1 23 7 15 39 5 38 26 17 21 8 35 50 45 29 37 43 2 10
22 40 26 5 7 35 4 6 42 38 19 36 25 21 28 48 49 12 37 32 30 23 43 2 50 1 44 18 33 40 13 47 27 45 31 46 3 52 51 16 20 24 

100 99
1 1 2
1 1 2
1 1 2
1 1 2
1 1 2
1 1 2
1 1 2
1 1 2
1 1 2
1 1 2
1 1 2
1 1 2
1 1 2
1 1 2
1 1 2
1 1 2
1 1 2
1 1 2
1 1 2
1 1 2
1 1 2
1 1 2
1 1 2
1 1 2
1 1 2
1 1 2
1 1 2
1 1 2
1 1 2
1 1 2
1 1 2
1 1 2
1 1 2
1 1 2
1 1 2
1 1 2
1 1 2
1 1 2
1 1 2
1 1 2
1 1 2
1 1 2
1 1 2
1 1 2
1 1 2
1 1 2
1 1 2
1 1 2
1 1 2
1 1 2
1 1 2
1 1 2
1 1 2
1 1 2
1 1 2
1 1 2
1 1 2
1 1 2
1 1 2
1 1 2
1 1 2
1 1 2
1 1 2
1 1 2
1 1 2
1 1 2
1 1 2
1 1 2
1 1 2
1 1 2
1 1 2
1 1 2
1 1 2
1 1 2
1 1 2
1 1 2
1 1 2
1 1 2
1 1 2
1 1 2
1 1 2
1 1 2
1 1 2
1 1 2
1 1 2
1 1 2
1 1 2
1 1 2
1 1 2
1 1 2
1 1 2
1 1 2
1 1 2
1 1 2
1 1 2
1 1 2
1 1 2
1 1 2
1 1 2

84 28
34 27 28 45 8 47 62 19 55 12 63 3 44 10 78 82 20 22 81 32 33 59 77 49 31 56 61 79 60
18 47 30 54 62 29 74 10 33 21 40 45 55 3 31 60 32 25 35 72 19 59 81 73 9 27 38 20 22 37 15 53 71 39 63 66 1 77 49 70 61 44 82 12 28 34 26 8 48
51 15 54 74 19 8 44 64 35 73 25 27 53 39 37 47 48
46 40 44 15 62 28 70 29 14 39 60 63 10 71 48 34 68 1 74 84 77 3 64 45 19 72 61 82 18 31 9 56 26 21 37 38 53 79 78 81 54 30
13 42 29 15 78 48 79 47 51 77 30 55 56 22 26 44 38 62 35 18 20 21 54 72 46 81 1 32 52 12 53 37 71 27 73 84 63 19 70 40 14 61 49 60
6 37 8 68 31 74 73 49 34 54 78 55 35 10 39 9 22 19 65 46 29 51 3 33 63 81 40 13 72 53 47 56 20 59 25 26 18 64 15
42 24 81 33 44 61 26 9 52 77 73 38 46 8 28 35 64 6 59 12 3 78 45 19 27 70
43 51 78 8 73 54 30 52 13 20 56 79 53 63 18 22 10 29 64 61 70 55 66 59 9 27 34 71 14 47 74 81 72 51 60 42 15 44 28 3 21 62 38 84 31 1 65 48 26 25 40 68 45
24 64 79 32 65 6 30 8 84 42 25 52 78 34 15 77 44 38 37 21 19 63 35 71 43 28 40 66 70 74 22 47 9 39 51 72 29 54 46 10 20 64 18 56 1 12 73 3 68 48 33 27 59 62 45 81 60 55 14 26 82 31 53 61 13 49
80 45 38 63 10 20 70 74 61 72 64 22 59 47 24 15 51 53 77 46 40 1 19 49 55 33 42 13 81 14 65 6 52 30 44 31 37 62 32 73 82 8 21 25 68 48 3
57 60 53 3 39 22 37 34 30 65 71 72 49 55 26 1 38 56 32 20 8 15 47 61 52 68 31 73 12 60 24 14 43 70 33 54 9 21 19 25 64 63 48 29 78 84 6 28 46 27 81 45 82 42 44 35 80 18 51 77 79 40
67 10 22 15 84 57 46 55 81 60 37 32
23 9 53 46 47 8 34 26 35 65 64
17 39 44 73 13 42 9 18 3 46 48 45 68 24 26 63 43 59 33 62 53 39 70 64 71 52 34 78 14 29 47 67 30 60 12 82 37 22 49 15 25
5 26 54 57 18 3 6 8 26 60 71 44 24 45 79 9 47 28 13 37 30 21 12 72 67 59 42 25
7 70 22 51 10 31 56 54 62 40 74 13 47 35 39 33 55 6 60 37 21 29 34 45 17 25 23 30 48 14 70 5 82 49 61 42 18 84 8 81 1 15 59 73 3 27 57 72 78 63 9 77 26 46 19 66 32 44 64 43 79 65 80 53 71 28 67 52 38 24 12 20
4 10 74 22 80 1 53 3 10 21 15 23
36 69 53 65 48 26 1 25 70 74 55 33 81 32 49 40 79 14 37 4 44 82 34 12 54 59 52 78 30 80 17 71 45 56 21 27 10 28 72 68 7 15 57 51 31 23 73 64 38 35 3 39 18 19 61 67 8 6 47 43 42 66 63 46 77 62 20 24 13 84 9
11 40 36 81 79 71 22 12 31 27 20 5 17 8 46 28 54 38 47 37 43 18 10 13 6 45 84 80 61 82 52 68 32 55 9 19 29 63 49 44 23 70
50 52 40 38 78 56 61 26 4 53 77 19 3 15 21 31 18 44 39 14 46 65 32 23 59 71 8 82 42 54 57 45 62 6 51 81 68 12 25 63 80 73 48 74 11 79 22 17 55 70 30 20 34 7
58 10 78 30 11 18 24 65 3 25 60 6
16 71 9 18 51 65 7 63 28 50 44 49 4 19 33 54 72 58 61 1 23 67 73 11 25 17 31 10 79 15 39 55 13 66 3 29 22 32 38 56 42 12 27 84 52 71 48 21 62 24 26 80 6 46 53 60 14 57 81 74 5 68 78 20 40 37 45 30 47 8 59 35 82
2 7 17 42 61 32 71 15 73
83 65 2 16 18 15 65 82 58 17 35 71 9 12 55 84 61 73 14 32 79 77 8 30 10 56 28 57 43 74 27 63 5 64 36 54 62 70 50 37 66 40 60 46 1 22 48 47 53 34 3 42 38 11 59 24 67 45 49 21 23 33 25 51 52 31 72
41 62 40 66 21 30 62 45 80 34 70 48 5 60 56 49 71 35 14 54 13 2 59 65 52 57 17 38 37 77 15 82 29 23 32 8 7 19 33 22 84 36 43 73 46 28 79 10 47 16 81 11 12 67 74 68 58 1 18 39 4 25 55 64
75 18 84 19 62 12 29 14 28 50 33 34 49 36 68 21 78 22 4 54
76 9 77 55 12 84 63 36 4 66 62
69 10 61 1 2 3 4 5 6 7 8 9

94 91
88 2 53 26
65 1 2
33 1 53
6 2 2 26
7 4 26 33 65 2
31 1 88
46 7 26 33 53 2 31 7 88
72 10 6 33 7 46 2 31 26 88 65 53
13 9 31 26 65 53 7 46 72 33 2
28 6 6 33 2 65 26 31
85 10 7 28 6 13 88 53 72 33 65 26
60 4 46 26 85 33
37 14 6 2 85 26 7 88 33 60 31 28 46 72 53 65
84 15 53 13 65 7 2 31 37 28 85 88 33 60 26 6 72
52 1 85
34 12 37 33 46 60 53 88 65 28 85 72 26 31
83 12 28 53 60 6 31 84 34 88 2 52 37 26
44 12 65 7 2 13 60 84 88 28 72 6 37 31
90 21 37 83 60 85 33 28 7 52 34 2 88 84 13 53 65 72 46 26 31 44 6
17 20 83 88 60 85 46 65 28 33 53 84 7 44 26 52 72 2 34 13 90 31
71 9 2 83 84 34 53 85 90 46 17
62 13 31 28 52 88 44 71 90 85 60 13 33 83 2
42 24 6 71 53 13 37 88 60 34 65 26 33 44 2 46 84 52 85 90 83 62 72 7 28 31
9 11 84 71 2 65 83 33 72 88 90 6 13
81 22 85 88 84 28 83 34 6 42 2 17 62 52 65 9 13 26 71 53 90 7 60 37
20 20 31 34 81 13 26 6 60 37 7 2 88 33 72 9 52 71 42 28 44 46
64 14 9 88 20 7 81 44 42 17 33 85 53 2 90 72
10 30 42 62 34 84 9 37 83 88 17 31 60 13 85 53 72 7 28 65 44 2 90 46 33 71 81 64 6 20 26 52
18 12 46 84 37 34 83 31 9 7 52 2 13 53
58 11 44 65 9 83 62 71 34 31 42 53 18
61 12 28 7 20 88 71 72 53 37 90 9 52 85
45 15 28 60 90 44 84 46 37 34 58 18 9 62 20 61 83
21 1 34
50 15 9 62 33 34 42 13 88 84 64 10 2 61 83 60 17
27 26 65 17 58 60 26 33 9 20 18 90 85 83 6 31 88 45 34 13 42 62 37 84 46 7 64 53
3 27 17 33 90 58 65 62 31 61 27 42 84 10 37 21 71 60 53 81 52 44 7 34 2 64 13 6 85
23 13 64 65 81 27 88 34 9 37 6 72 60 33 62
56 37 9 18 42 83 61 64 33 58 23 21 88 72 81 65 62 71 7 34 17 26 10 52 13 6 53 50 90 45 28 84 46 3 44 2 20 31 37
80 2 6 90
4 17 72 27 2 81 3 56 20 33 64 10 85 62 52 23 6 65 42
93 1 3
29 36 61 62 53 27 33 18 44 42 58 9 85 10 65 45 4 90 50 71 31 13 26 46 83 80 6 84 7 2 93 28 64 3 72 21 60 52
1 21 4 72 18 33 28 50 3 6 52 10 46 62 13 84 85 64 7 88 60 93 9
8 45 33 4 7 20 26 45 62 93 71 90 28 85 65 17 1 46 58 13 18 81 29 88 61 50 21 3 64 37 80 72 6 34 84 23 9 2 27 83 56 44 60 31 53 42 10
51 20 31 29 44 23 65 17 90 18 88 50 34 62 84 56 83 28 4 71 20 13
47 36 45 56 83 27 6 28 20 8 37 46 51 81 65 61 44 58 7 62 84 34 60 26 10 33 9 88 2 3 18 17 52 23 50 31 42 1
69 2 29 18
67 36 60 29 3 69 18 52 31 47 93 65 6 8 58 1 83 2 85 71 56 23 72 80 21 13 37 26 88 9 20 45 44 51 10 27 61 28
49 27 60 61 85 50 4 83 20 93 42 45 69 90 7 6 21 46 81 8 3 47 1 26 56 10 80 37 84
63 40 33 62 49 84 88 50 31 47 26 28 56 2 60 8 53 46 90 37 1 71 72 85 45 42 61 3 18 27 21 10 17 80 9 83 34 58 23 4 7 93
55 47 80 26 65 23 10 51 44 29 13 4 28 60 31 69 81 2 42 27 33 1 88 53 45 34 83 72 56 63 3 49 47 20 62 50 58 71 17 6 37 67 46 21 52 9 61 7 64
22 43 4 34 33 27 23 6 55 90 62 83 72 56 37 26 7 63 44 64 80 50 20 42 1 53 2 45 85 13 29 69 8 17 47 10 58 81 71 18 31 60 28 51 21
43 50 56 3 42 46 13 10 1 4 47 45 85 21 6 52 62 44 17 64 93 60 67 22 50 53 65 49 20 23 88 81 63 69 37 90 28 31 34 27 83 18 71 29 8 58 51 26 72 7 55 84
38 28 31 6 44 27 46 34 55 47 58 83 60 80 23 3 53 42 28 52 22 93 10 43 84 63 2 51 4 1
54 30 3 17 7 55 33 10 28 58 47 43 50 61 62 9 13 71 51 84 63 52 42 21 56 2 1 37 34 90 46 83
57 25 26 4 62 64 27 22 90 55 2 33 44 29 88 46 71 69 42 38 93 13 20 7 61 85 83
82 53 84 38 61 9 7 42 55 69 13 29 58 27 51 44 63 85 93 1 64 3 34 43 90 80 56 71 62 45 21 72 49 33 10 83 60 65 31 6 23 17 81 67 22 26 88 46 37 52 47 2 8 28 20
35 25 42 3 21 50 45 53 4 81 64 37 23 47 27 8 72 90 49 93 28 1 46 18 83 6 17
89 24 62 47 57 9 51 69 46 10 64 44 63 23 42 71 1 6 45 38 61 54 82 90 60 34
94 46 52 62 37 55 60 53 57 50 8 80 49 3 47 84 65 58 83 18 1 54 9 61 28 88 29 10 20 45 6 27 64 31 71 90 26 13 85 46 44 17 43 22 69 67 89 34
66 11 52 90 3 47 35 13 60 54 18 34 9
15 58 18 37 17 2 22 31 53 43 90 81 89 56 34 21 85 51 80 9 66 94 62 55 33 65 49 61 63 88 20 3 67 7 44 83 6 64 57 28 52 8 93 23 69 45 1 71 54 60 4 13 58 35 50 10 38 27 29 42
36 36 4 85 29 64 69 56 49 43 31 90 8 17 53 33 20 88 7 66 67 62 27 72 1 57 47 61 52 80 21 13 34 60 65 58 23 3
24 49 1 17 43 80 28 33 66 44 52 63 18 36 84 9 53 4 10 8 61 65 46 94 83 13 69 55 56 27 23 60 85 71 72 64 15 81 67 37 49 50 7 29 89 58 51 62 22 26 3
86 9 58 61 57 18 20 46 94 43 62
78 39 50 89 66 56 58 83 24 21 64 1 57 43 65 82 86 90 52 31 7 67 2 28 51 38 62 8 3 88 42 84 94 60 44 35 4 63 18 17 71
87 37 93 24 49 71 80 10 46 58 66 94 69 56 51 2 52 26 20 15 34 43 29 23 4 36 61 33 6 83 31 27 72 21 78 13 44 18 55
25 21 56 3 80 87 49 67 2 23 82 29 9 38 34 33 94 7 37 24 15 65 88
19 50 90 65 85 63 50 60 21 93 34 57 31 3 67 27 2 42 46 62 36 64 37 56 89 8 81 54 69 88 33 13 22 72 17 86 38 10 24 82 78 18 58 25 26 29 1 94 52 4 20 51
73 67 4 66 58 57 85 84 94 49 67 43 31 36 71 22 27 52 37 55 56 3 8 38 19 44 10 29 86 64 81 90 13 54 47 78 34 80 87 23 2 88 1 26 63 89 33 53 82 7 42 93 28 83 17 46 18 72 6 51 21 50 24 60 20 15 69 61 35
41 14 27 94 78 28 88 17 38 25 86 64 26 56 54 84
70 2 7 83
68 54 1 43 61 17 34 21 85 64 60 24 54 93 47 62 57 49 23 82 3 19 22 50 9 25 4 78 42 28 41 71 13 33 94 90 56 69 88 51 31 26 27 18 65 53 84 70 58 45 35 44 46 72 29 63
76 37 42 33 19 80 23 90 81 6 27 28 50 26 22 8 83 64 49 21 68 43 88 51 1 7 60 54 67 86 73 44 94 69 62 10 15 17 29
48 63 84 13 23 44 15 83 69 35 62 4 76 9 51 67 61 2 24 63 94 34 54 64 37 53 71 46 1 52 41 80 6 7 78 50 3 93 19 81 55 65 31 70 88 45 25 29 38 43 72 8 27 82 22 57 73 85 68 90 89 60 28 86 49
91 68 43 86 56 26 76 53 63 68 85 45 1 66 81 55 65 28 64 50 15 57 89 54 69 29 31 80 49 73 25 24 27 2 88 58 83 35 4 9 84 61 37 23 60 3 38 67 78 7 41 33 10 90 34 36 21 13 48 62 70 22 72 6 47 82 8 20 52 17
16 51 29 72 94 62 1 17 65 28 8 41 63 91 53 82 88 7 34 46 84 24 10 33 81 38 36 2 64 31 9 93 4 87 26 90 71 13 22 83 23 37 43 19 55 56 52 21 76 6 85 54 50
5 44 50 53 80 29 15 38 17 90 76 37 9 68 94 41 71 1 67 84 31 16 2 19 56 52 70 89 6 51 61 35 3 44 69 93 65 64 4 8 13 10 63 88 28 78
39 37 84 42 53 41 86 85 66 2 65 89 34 27 81 4 76 62 57 15 71 63 80 54 69 91 19 36 46 7 48 5 58 82 25 22 73 16 37
14 21 94 25 71 16 4 35 49 17 85 3 89 7 39 69 63 1 53 2 83 19 73
40 76 38 33 1 15 58 80 39 35 27 68 7 85 9 23 73 86 72 70 4 67 62 22 45 34 10 29 82 21 93 47 66 48 53 88 25 61 36 52 50 42 26 44 63 2 16 6 13 87 57 51 54 56 3 83 28 69 81 76 60 49 24 90 65 43 91 71 94 46 20 78 17 31 14 5 89 55
75 68 83 21 56 60 26 85 24 34 45 42 66 20 44 3 4 39 90 27 6 1 8 61 43 25 33 47 76 84 40 67 51 81 64 2 31 88 58 80 37 93 82 15 19 55 70 5 35 71 69 89 68 29 28 73 65 10 7 94 23 87 57 78 86 91 63 54 14 9
11 12 21 15 44 10 83 70 64 58 86 20 28 66
79 40 87 50 20 65 3 41 19 25 43 45 21 82 81 76 8 28 26 44 16 27 13 5 18 58 46 64 83 29 17 51 84 33 24 67 47 11 78 68 42 48
59 23 13 39 56 55 69 58 73 25 78 83 3 15 72 1 88 87 11 71 52 18 5 29 33
12 27 72 89 24 21 93 78 53 17 26 31 58 9 2 60 69 8 62 18 20 94 61 46 80 47 23 43 55
30 19 2 40 17 23 56 7 28 27 50 26 6 86 21 54 41 19 90 29 61
74 65 28 35 2 40 62 30 79 52 14 66 59 67 29 58 44 37 84 64 11 60 56 4 76 61 42 1 70 5 85 72 82 43 3 18 26 27 75 41 17 12 31 71 33 78 7 91 63 69 65 86 22 46 51 49 13 55 80 54 89 10 83 19 68 88 90
32 86 78 5 6 60 93 28 65 16 49 15 72 48 41 88 89 63 76 13 25 7 12 44 54 4 31 35 34 14 39 40 1 11 73 27 55 20 46 75 53 19 45 82 26 29 58 57 3 33 61 38 74 51 23 2 68 86 17 9 52 84 47 22 80 18 85 69 21 36 59 10 64 91 62 94 50 8 56 83 70 71 24 79 81 43 42 90
92 89 89 12 1 24 76 44 90 80 16 29 91 26 74 36 93 66 53 17 79 56 52 37 25 64 2 41 86 20 35 42 72 83 28 62 40 59 68 70 65 47 63 54 87 73 45 38 67 13 81 39 14 78 48 88 4 55 18 85 82 11 10 49 27 43 34 69 23 15 6 19 7 84 58 61 94 51 8 57 30 50 32 31 21 33 3 9 71 60 46
77 72 42 17 71 51 23 63 46 4 39 16 78 15 35 74 9 72 73 76 1 59 34 69 53 66 26 21 64 45 57 58 90 61 2 11 70 43 49 27 50 25 83 93 87 85 14 56 91 48 67 75 29 54 55 22 36 40 68 65 89 13 88 41 18 8 30 33 37 3 19 44 82 79

10 9
7 4 2 1 3 4
6 1 4
5 1 4
4 1 3
3 1 2
2 1 8
8 1 1
9 1 1
10 1 1

65 13
49 9 543 217 143 224 389 691 837 960 912
913 10 16 446 927 205 449 224 389 219 754 143
912 14 127 446 205 902 817 577 134 712 217 224 837 570 823 523
319 14 288 329 516 224 143 523 204 849 691 511 497 446 814 912
978 16 389 127 497 217 691 75 913 363 537 400 756 474 912 219 837 16
837 10 134 913 712 16 537 389 219 224 511 927
786 1 823
529 7 786 115 716 497 204 263 313
918 17 288 726 523 501 260 205 92 712 16 656 771 537 497 823 127 131 837
431 9 786 962 400 543 511 577 501 817 691
443 5 511 523 677 449 978
823 7 837 712 134 131 205 75 927
263 10 497 17 543 978 363 427 205 633 896 16

58 16
2 1 33
3 2 50 52
4 3 38 6 33
5 4 47 29 23 38
6 4 43 54 26 49
7 2 48 32
8 7 56 24 32 33 50 19 22
9 6 48 44 4 33 51 8
10 8 42 44 28 46 8 5 50 37
11 6 20 22 27 13 41 35
12 7 15 49 41 2 7 8 56
13 9 15 53 5 3 10 26 43 41 25
14 4 33 22 31 23
15 7 40 1 26 7 14 2 6
16 9 56 44 39 7 12 13 3 19 23
17 2 26 34

5 3
2 2 1 5
3 2 1 5
4 2 1 5

8 7
2 2 1 5
3 2 1 5
4 2 1 5
6 2 1 5
5 1 1
8 1 7
7 1 1
