5 4
3 2 1 5
2 2 5 3
4 1 3
5 1 1

2 0

3 2
1 1 3
2 1 1

47	10	
27	8	43	45	35	37	47	31	44	46		
26	5	35	33	37	32	36					
25	4	35	29	27	46						
24	8	32	44	34	45	42	43	41	40		
23	5	45	36	34	40	28					
22	1	30									
21	4	47	32	23	43						
20	9	30	23	40	35	44	45	24	47	27	
19	4	39	36	24	25						
18	2	44	26								


56	38	
44	10	50	47	52	51	49	54	46	48	53	45
43	6	47	44	52	55	50	49				
42	1	54									
41	4	56	53	54	51						
40	4	50	56	52	43						
39	4	52	51	50	48						
38	1	51									
37	7	56	43	50	41	51	49	42			
36	2	40	54								
35	10	49	39	46	37	42	50	38	53	36	48
34	9	40	49	43	36	50	37	42	44	45	
33	4	34	36	46	35						
32	6	54	37	40	49	35	41				
31	8	42	55	43	38	33	54	53	52		
30	8	50	55	47	43	49	56	46	48		
29	9	30	34	35	55	52	46	54	32	33	
28	4	51	41	31	40						
27	1	54									
26	6	40	27	34	45	48	33				
25	9	35	49	30	37	33	36	48	46	29	
24	9	32	33	25	29	47	31	41	28	48	
23	1	27									
22	1	34									
21	8	40	38	42	46	47	30	56	22		
20	5	27	53	37	39	24					
19	10	53	25	34	48	33	52	47	49	56	23
18	4	36	45	32	30						
17	4	35	50	34	38						
16	2	29	28								
15	7	43	56	18	22	41	27	40			
14	1	16									
13	5	24	31	55	14	43					
12	6	38	25	35	24	34	48				
11	2	12	37								
10	1	31									
9	1	12									
8	9	40	15	12	17	20	28	22	25	30	
7	5	51	54	53	9	8					

55	42	
44	9	50	48	46	45	54	52	49	47	53	
43	6	47	54	49	45	52	46				
42	4	46	52	44	51						
41	5	44	43	46	53	52					
40	10	44	48	41	49	50	43	52	46	45	47
39	7	45	49	48	55	54	53	44			
38	8	39	49	43	44	46	42	48	50		
37	1	49									
36	2	38	39								
35	8	53	55	41	45	52	44	43	40		
34	2	48	51								
33	9	53	55	41	52	49	35	46	54	48	
32	4	53	51	45	34						
31	4	36	33	40	54						
30	4	38	45	39	37						
29	9	54	36	32	49	53	31	30	48	35	
28	2	52	31								
27	9	49	29	45	31	42	28	50	30	32	
26	6	46	31	30	27	39	35				
25	4	45	42	31	52						
24	2	29	45								
23	9	38	40	28	30	49	35	36	43	54	
22	5	45	36	47	30	28					
21	3	24	53	50							
20	3	39	48	42							
19	1	43									
18	3	34	39	31							
17	5	27	37	34	42	33					
16	3	26	39	30							
15	8	51	20	55	21	19	18	47	48		
14	3	46	33	50							
13	9	14	28	17	25	30	38	15	47	37	
12	4	35	19	32	14						
11	3	49	14	43							
10	8	49	23	50	31	37	47	24	45		
9	6	51	47	15	55	50	37				
8	7	36	18	32	46	9	44	25			
7	1	22									
6	4	31	32	29	28						
5	2	48	30								
4	8	49	5	22	29	8	15	44	48		
3	9	42	50	8	25	24	21	41	7	45	

91	48	
62	10	79	69	81	68	73	90	89	64	84	74
61	2	68	66								
60	9	77	76	63	88	83	66	73	89	87	
59	4	75	71	62	78						
58	1	75									
57	8	78	76	87	86	64	69	79	62		
56	5	62	73	67	74	86					
55	1	74									
54	7	74	79	59	58	63	88	70			
53	1	73									
52	9	80	83	79	71	54	89	82	67	85	
51	1	56									
50	8	85	66	63	86	74	54	60	73		
49	5	70	75	65	56	59					
48	5	87	73	81	54	65					
47	8	64	68	87	62	78	81	86	53		
46	1	69									
45	5	90	55	67	78	84					
44	7	49	62	85	77	63	78	61			
43	5	70	48	89	83	53					
42	3	83	91	90							
41	8	80	58	53	51	42	59	66	52		
40	5	72	80	91	62	74					
39	9	56	79	77	55	63	81	65	85	58	
38	4	63	68	49	73						
37	4	74	41	47	45						
36	4	41	73	75	72						
35	1	59									
34	3	77	36	78							
33	3	67	88	62							
32	3	56	63	48							
31	4	58	60	81	51						
30	3	60	62	78							
29	1	60									
28	3	73	31	40							
27	2	54	73								
26	8	29	50	75	52	36	62	49	32		
25	3	32	78	59							
24	5	70	59	66	35	87					
23	2	75	76								
22	5	25	91	68	50	53					
21	10	58	80	42	70	89	81	87	54	48	28
20	2	74	56								
19	2	51	59								
18	5	68	33	21	37	59					
17	10	27	23	91	21	68	33	31	85	49	50
16	7	33	85	76	77	67	56	59			
15	10	21	50	40	74	22	75	85	62	27	36

36	22	
25	3	34	36	29							
24	5	34	30	31	28	29					
23	8	33	28	32	27	29	30	26	31		
22	6	24	33	32	25	28	31				
21	7	32	26	23	29	27	24	22			
20	9	27	30	25	26	33	24	28	29	31	
19	8	22	33	20	36	32	29	27	26		
18	8	32	26	35	24	25	29	23	27		
17	2	27	29								
16	4	35	29	24	21						
15	7	23	36	22	21	24	27	26			
14	5	23	22	26	33	25					
13	3	32	18	17							
12	3	21	20	30							
11	1	12									
10	3	12	11	36							
9	4	14	31	16	15						
8	10	17	25	9	36	29	13	16	14	15	35
7	8	18	16	8	30	11	29	19	28		
6	3	25	14	26							
5	1	15									
4	4	22	10	9	23						

68	45	
51	9	54	68	60	64	62	66	61	58	53	
50	1	59									
49	7	66	67	63	65	64	56	50			
48	2	66	67								
47	6	68	51	57	61	67	48				
46	5	68	61	59	49	58					
45	1	47									
44	3	67	58	51							
43	7	46	62	61	58	57	52	56			
42	1	58									
41	2	44	57								
40	8	49	52	56	47	50	58	57	46		
39	10	66	59	60	46	51	50	41	49	58	45
38	2	63	44								
37	3	49	62	47							
36	6	39	65	51	47	55	38				
35	7	36	51	63	46	43	67	60			
34	10	59	62	52	50	63	56	54	43	55	41
33	3	59	38	53							
32	7	45	39	61	42	47	33	38			
31	2	62	57								
30	6	35	43	39	51	38	34				
29	9	53	66	50	45	34	57	42	32	65	
28	8	37	64	45	36	33	54	38	29		
27	4	67	51	60	36						
26	4	68	50	29	28						
25	8	56	67	41	63	62	49	65	27		
24	1	28									
23	2	24	40								
22	6	26	32	54	58	31	33				
21	4	54	32	66	50						
20	5	42	48	27	61	68					
19	8	31	21	43	30	56	48	20	64		
18	10	43	24	20	59	63	53	58	64	21	56
17	7	42	50	57	51	47	49	46			
16	8	39	47	49	37	36	52	25	58		
15	1	29									
14	1	19									
13	5	47	15	38	18	23					
12	4	26	14	25	21						
11	1	42									
10	4	14	33	12	44						
9	9	37	53	36	64	59	51	33	50	46	
8	4	61	36	42	67						
7	4	67	66	63	54						

70	37	
41	7	65	70	63	68	64	62	45			
40	3	65	41	46							
39	5	67	60	45	56	44					
38	10	41	57	66	48	60	40	49	47	50	53
37	1	42									
36	10	61	53	67	52	51	47	41	49	50	60
35	3	42	57	41							
34	8	36	49	51	50	52	63	48	43		
33	3	40	43	37							
32	5	69	66	47	65	45					
31	6	57	34	46	56	50	49				
30	6	63	52	36	44	45	62				
29	2	62	45								
28	10	56	67	46	47	69	66	45	29	38	65
27	4	70	56	29	42						
26	5	36	56	55	45	49					
25	1	30									
24	7	28	51	59	41	31	26	62			
23	5	70	66	54	42	56					
22	1	28									
21	3	30	25	44							
20	3	41	53	29							
19	5	64	70	30	59	28					
18	9	63	55	19	42	33	45	49	65	48	
17	7	49	36	59	62	53	39	38			
16	10	70	44	36	60	54	34	37	40	31	58
15	8	41	28	54	27	22	55	70	26		
14	5	46	53	58	24	48					
13	4	45	64	54	58						
12	7	62	65	69	30	68	28	40			
11	9	45	33	17	31	30	29	34	36	14	
10	10	65	54	19	59	38	61	43	36	58	53
9	10	16	35	27	13	30	34	21	33	20	10
8	6	21	11	47	69	22	70				
7	8	59	9	70	50	20	11	56	37		
6	2	32	7								
5	8	45	49	33	44	57	18	23	53		

94	66	
79	1	85									
78	9	92	86	85	87	88	84	83	81	82	
77	4	88	84	80	89						
76	9	86	92	81	78	87	94	85	93	80	
75	1	83									
74	2	89	90								
73	5	84	82	76	75	83					
72	6	80	76	92	93	84	86				
71	4	77	81	93	76						
70	9	83	82	78	73	79	87	77	72	89	
69	8	70	94	74	90	92	93	76	77		
68	5	92	70	81	72	76					
67	1	89									
66	6	82	72	86	67	93	78				
65	10	74	86	76	69	68	84	83	92	70	67
64	9	90	67	76	82	89	87	81	84	66	
63	4	69	74	75	90						
62	1	91									
61	4	87	94	79	88						
60	10	64	70	67	94	78	63	66	85	76	69
59	3	69	62	70							
58	2	83	93								
57	1	81									
56	6	58	64	70	77	78	73				
55	9	80	64	68	63	87	58	93	67	92	
54	1	81									
53	8	73	58	79	71	57	64	63	56		
52	9	72	86	91	67	81	75	92	66	80	
51	6	69	68	93	52	74	67				
50	5	91	86	76	61	83					
49	9	94	63	93	65	58	52	75	62	74	
48	7	55	60	67	82	51	69	76			
47	4	77	53	86	89						
46	8	64	85	94	55	48	68	90	63		
45	9	51	75	58	57	93	94	71	80	56	
44	7	76	82	60	58	63	73	51			
43	1	73									
42	6	61	57	58	46	45	89				
41	4	68	50	67	74						
40	9	41	66	70	64	69	61	65	52	73	
39	4	81	80	59	70						
38	6	91	66	90	42	40	88				
37	4	86	84	49	57						
36	8	61	58	93	87	80	59	56	60		
35	1	36									
34	2	77	49								
33	6	84	93	83	92	65	87				
32	9	40	55	39	65	36	75	74	71	79	
31	1	34									
30	6	49	38	40	83	87	43				
29	9	70	93	41	68	73	74	61	36	47	
28	9	47	45	56	68	93	75	30	89	46	
27	3	63	35	32							
26	7	29	81	60	83	84	77	67			
25	2	81	62								
24	4	62	39	46	35						
23	2	74	56								
22	10	69	45	78	52	90	64	71	50	57	92
21	8	70	74	28	69	90	38	93	35		
20	5	65	53	40	39	42					
19	2	62	30								
18	2	44	19								
17	7	18	85	59	23	58	44	63			
16	3	29	85	20							
15	7	63	17	24	89	58	33	87			
14	7	67	26	82	81	80	75	86			

63	46	
49	3	63	59	54							
48	6	52	63	51	62	60	59				
47	7	55	54	61	49	53	57	62			
46	7	47	57	61	55	56	62	54			
45	7	46	49	50	57	61	54	51			
44	7	49	61	47	56	48	54	58			
43	8	44	57	56	60	58	55	63	62		
42	3	58	52	50							
41	3	53	45	42							
40	6	49	50	48	62	51	47				
39	2	60	40								
38	5	44	55	63	47	62					
37	8	60	48	54	49	39	53	59	52		
36	5	52	37	45	40	62					
35	10	50	47	52	54	46	48	40	61	38	45
34	1	60									
33	7	58	52	62	38	59	56	50			
32	1	50									
31	6	49	59	46	44	45	58				
30	8	46	39	38	45	37	34	49	41		
29	3	44	46	51							
28	5	32	36	50	48	59					
27	4	36	61	50	54						
26	7	27	63	38	37	36	29	49			
25	2	55	39								
24	10	63	60	46	43	29	57	32	44	35	27
23	10	55	25	33	40	24	46	53	44	60	59
22	3	30	42	36							
21	8	46	31	37	39	38	54	44	40		
20	3	62	39	38							
19	2	27	20								
18	6	40	62	52	31	20	37				
17	8	31	62	43	25	24	45	63	23		
16	6	53	30	22	44	58	43				
15	1	49									
14	1	44									
13	4	26	60	62	63						
12	6	57	47	58	56	55	26				
11	10	12	63	49	14	48	61	59	13	29	44
10	1	36									
9	2	37	25								
8	1	15									
7	3	23	35	42							
6	6	27	24	46	60	48	55				
5	10	34	25	32	19	27	35	33	20	18	61
4	1	25									

99	36	
52	7	64	98	71	58	72	61	63			
51	4	53	76	71	84						
50	7	52	61	62	65	54	51	64			
49	9	60	88	71	54	91	73	87	86	93	
48	1	90									
47	5	86	52	80	89	64					
46	5	93	53	77	62	66					
45	6	93	74	83	53	52	56				
44	10	78	87	59	70	92	74	89	64	66	58
43	3	86	74	70							
42	5	67	56	84	48	94					
41	10	97	46	64	87	79	67	58	57	86	68
40	7	61	70	86	80	53	57	97			
39	10	85	99	77	61	71	93	91	87	86	43
38	4	80	49	66	56						
37	7	79	71	94	50	72	54	78			
36	5	41	73	68	79	51					
35	9	68	41	78	73	54	72	46	85	50	
34	7	67	84	54	87	44	60	91			
33	2	96	73								
32	2	35	37								
31	4	82	87	46	64						
30	2	44	60								
29	5	78	45	82	57	96					
28	7	47	79	35	93	40	49	88			
27	9	69	60	99	37	36	35	28	76	58	
26	4	90	33	88	91						
25	9	61	36	91	46	75	88	35	37	89	
24	1	36									
23	5	32	42	56	33	85					
22	3	99	38	76							
21	5	97	75	76	61	98					
20	4	81	86	57	41						
19	9	64	29	38	40	66	81	95	85	63	
18	10	37	38	43	49	76	54	83	68	78	87
17	2	97	77								

47	30	
32	6	42	35	44	38	41	43				
31	8	46	37	41	36	33	35	42	32		
30	9	36	31	40	43	39	37	35	46	42	
29	4	38	47	36	37						
28	3	32	38	47							
27	5	35	42	38	34	44					
26	5	42	32	29	43	38					
25	4	31	37	41	27						
24	10	42	43	46	35	40	41	28	36	39	45
23	1	32									
22	9	29	34	47	28	30	35	38	24	46	
21	7	47	33	35	43	45	44	38			
20	3	43	30	36							
19	9	20	29	41	27	34	23	31	28	40	
18	7	36	35	32	47	28	44	43			
17	4	38	24	44	27						
16	9	23	17	19	27	47	46	24	22	45	
15	3	17	19	43							
14	5	33	25	47	34	18					
13	7	26	20	19	33	17	31	46			
12	9	26	38	29	24	22	37	41	25	19	
11	3	17	30	28							
10	9	40	39	44	41	38	27	25	47	43	
9	6	46	36	44	37	34	35				
8	2	12	46								
7	7	12	11	15	40	14	42	29			
6	9	14	28	27	40	26	21	45	34	17	
5	8	43	24	18	17	22	42	47	27		
4	8	5	7	10	40	20	21	41	24		
3	3	18	5	4							

76	46	
48	1	53									
47	2	64	76								
46	4	75	49	74	65						
45	10	74	52	53	51	69	73	70	54	50	67
44	1	70									
43	6	48	58	55	68	53	50				
42	6	64	68	66	51	61	76				
41	6	67	46	71	63	51	76				
40	10	45	52	57	51	46	64	56	44	50	53
39	3	64	44	76							
38	5	46	45	58	63	62					
37	4	76	62	60	45						
36	1	47									
35	2	67	73								
34	7	36	45	75	37	69	70	40			
33	3	53	39	57							
32	6	58	44	41	53	61	39				
31	2	58	63								
30	8	56	60	50	49	66	41	32	35		
29	4	42	67	66	73						
28	10	29	76	40	75	55	64	74	67	63	61
27	8	34	53	62	51	59	60	68	61		
26	2	65	50								
25	7	74	62	47	50	73	45	48			
24	1	71									
23	9	45	42	76	70	63	38	39	31	67	
22	5	75	48	47	29	46					
21	6	61	30	24	41	69	39				
20	6	74	56	46	76	63	28				
19	7	24	36	64	20	46	38	66			
18	10	52	24	66	35	63	38	23	36	44	62
17	8	74	70	27	30	37	73	29	72		
16	2	49	19								
15	6	27	69	38	40	76	54				
14	4	45	70	47	68						
13	7	39	74	73	70	18	64	16			
12	5	30	20	55	49	56					
11	8	21	63	60	62	27	55	69	15		
10	8	23	30	36	74	76	27	31	44		
9	10	10	67	45	33	62	66	74	15	47	37
8	8	65	56	59	72	32	18	16	39		
7	5	46	48	68	17	57					
6	7	48	70	75	30	51	74	10			
5	7	16	9	41	25	31	63	8			
4	8	22	63	73	67	10	27	59	75		
3	4	11	22	32	69						

73	52	
53	6	69	65	63	57	67	55				
52	5	73	53	71	56	69					
51	4	70	68	56	67						
50	2	55	66								
49	8	72	66	58	59	57	51	60	61		
48	4	70	61	56	63						
47	3	58	65	48							
46	4	65	71	66	55						
45	3	52	65	57							
44	9	54	73	72	56	71	68	47	51	46	
43	7	49	51	55	53	45	56	54			
42	8	66	61	65	67	70	53	64	47		
41	10	67	43	57	59	73	42	60	71	52	50
40	7	63	44	59	58	50	49	54			
39	3	54	62	53							
38	3	73	72	51							
37	6	62	40	53	58	52	63				
36	10	71	61	63	48	68	47	58	45	44	40
35	10	73	51	53	47	68	55	38	54	50	52
34	8	41	61	44	43	64	60	40	72		
33	9	36	52	35	46	56	41	65	59	73	
32	7	71	46	70	38	35	53	34			
31	2	59	70								
30	10	42	34	48	45	37	54	31	73	47	43
29	3	36	72	70							
28	1	32									
27	3	48	46	47							
26	7	38	29	49	73	59	55	54			
25	8	63	43	33	38	53	73	65	61		
24	10	50	30	66	28	41	71	29	52	54	70
23	2	71	51								
22	3	25	62	57							
21	10	30	58	46	32	29	25	57	67	73	56
20	2	51	56								
19	10	71	43	32	37	45	25	57	24	44	68
18	7	45	30	54	39	25	27	20			
17	4	44	26	27	29						
16	3	47	63	44							
15	6	33	50	55	30	24	72				
14	5	55	40	27	34	15					
13	5	27	49	60	46	73					
12	5	33	54	73	40	58					
11	2	18	58								
10	5	19	43	72	25	63					
9	1	24									
8	1	18									
7	10	8	66	39	17	63	37	61	25	10	62
6	4	18	65	56	35						
5	10	7	57	29	36	49	25	8	21	12	55
4	4	21	20	66	69						
3	2	20	40								
2	4	57	31	25	13						

96	84	
85	2	92	86								
84	3	86	87	94							
83	7	86	94	91	92	90	93	96			
82	10	91	84	86	90	92	94	93	88	89	85
81	7	91	95	83	89	88	90	84			
80	8	81	87	89	84	90	85	88	86		
79	2	92	89								
78	4	96	89	90	95						
77	1	88									
76	1	90									
75	2	83	85								
74	7	86	79	94	95	91	90	89			
73	1	96									
72	3	82	85	77							
71	1	95									
70	1	71									
69	6	78	95	74	92	91	83				
68	6	72	77	69	76	80	92				
67	6	88	77	85	79	70	92				
66	5	96	71	72	76	95					
65	6	91	76	96	85	89	82				
64	7	68	93	94	88	84	71	83			
63	2	67	82								
62	3	80	87	88							
61	7	72	76	93	67	86	92	69			
60	9	63	94	83	93	82	74	73	87	64	
59	10	73	88	63	66	71	91	64	94	77	72
58	7	75	90	92	60	91	74	59			
57	8	59	73	71	88	62	65	63	64		
56	7	88	95	65	67	90	64	80			
55	6	68	63	88	87	82	58				
54	6	76	75	59	96	73	93				
53	7	85	94	71	83	54	57	72			
52	5	62	61	59	71	68					
51	3	78	71	62							
50	8	73	57	63	85	88	65	56	75		
49	1	61									
48	1	83									
47	2	60	78								
46	10	82	66	71	77	52	91	87	63	74	73
45	3	65	67	47							
44	3	68	93	46							
43	8	60	61	48	59	77	78	63	93		
42	8	81	90	84	59	67	44	83	43		
41	5	49	68	83	64	81					
40	8	94	63	52	80	67	45	66	44		
39	3	85	46	61							
38	8	54	67	96	95	60	53	80	64		
37	9	51	43	45	74	57	68	48	61	55	
36	6	68	83	82	96	81	58				
35	7	68	57	75	92	44	55	61			
34	9	64	35	59	77	69	41	36	39	92	
33	5	66	47	55	80	60					
32	2	40	66								
31	1	42									
30	10	87	86	74	61	85	49	92	47	78	48
29	3	46	31	89							
28	10	54	80	79	46	77	67	51	84	71	33
27	4	88	68	54	37						
26	8	64	86	74	89	39	93	56	75		
25	7	64	39	63	66	36	38	41			
24	8	93	42	87	35	60	54	67	29		
23	3	73	29	53							
22	9	55	28	78	35	56	40	44	91	26	
21	6	55	27	46	54	88	89				
20	2	91	76								
19	3	95	86	34							
18	1	77									
17	6	90	27	38	30	70	59				
16	4	76	26	75	74						
15	7	47	32	23	19	88	68	36			
14	9	83	84	50	40	82	60	25	96	30	
13	10	57	69	37	28	56	16	80	33	88	65
12	7	91	56	96	17	69	51	62			
11	7	26	71	14	86	51	47	70			
10	3	33	23	90							
9	2	18	49								
8	2	33	32								
7	9	18	68	70	35	58	22	81	82	84	
6	1	22									
5	4	21	74	63	33						
4	8	28	92	33	56	6	11	75	46		
3	3	73	88	9							
2	3	89	36	4							

96	31	
72	2	96	89								
71	7	89	92	94	72	86	91	96			
70	2	76	77								
69	2	95	74								
68	8	70	82	91	75	72	89	96	69		
67	3	78	86	76							
66	9	92	90	91	73	87	72	95	77	86	
65	6	85	86	74	70	95	68				
64	10	73	86	90	87	95	92	76	91	70	81
63	7	68	93	96	95	85	69	64			
62	8	63	80	90	71	66	68	77	95		
61	4	76	81	63	75						
60	5	65	69	64	86	75					
59	9	87	78	91	72	62	71	65	88	64	
58	7	88	92	72	69	90	61	81			
57	8	85	84	92	89	69	76	79	68		
56	1	57									
55	9	64	86	92	74	93	95	56	91	68	
54	4	55	75	77	67						
53	3	66	94	55							
52	1	65									
51	2	84	83								
50	1	53									
49	7	76	91	50	56	58	82	68			
48	3	80	86	67							
47	1	70									
46	8	74	68	49	95	52	67	63	84		
45	4	53	91	66	48						
44	9	55	67	66	93	45	56	72	68	90	
43	3	51	74	52							
42	2	90	50								

47	20
31	7	38	34	45	46	44	40	43			
30	4	41	40	44	45						
29	9	46	45	47	30	38	40	35	33	34	
28	6	44	45	42	35	32	43				
27	7	36	47	30	38	29	35	37			
26	8	40	29	47	37	30	34	32	39		
25	3	43	35	40							
24	3	44	25	46							
23	3	29	31	24							
22	2	24	23								
21	2	47	30								
20	5	28	33	30	44	39					
19	6	27	41	34	35	36	20				
18	5	19	43	31	20	25					
17	6	32	28	30	22	19	31				
16	2	31	42								
15	3	29	16	43							
14	1	38									
13	7	18	38	27	21	16	37	41			
12	6	37	47	23	29	18	31				

92	8	
41	9	62	48	56	55	78	44	80	76	57	
40	2	54	62								
39	9	89	74	62	70	76	54	68	77	73	
38	4	51	48	61	91						
37	5	44	76	41	52	75					
36	1	38									
35	5	45	41	57	88	50					
34	1	78									

56	33
46	10	49	55	51	54	56	50	52	47	48	53
45	8	53	49	46	52	55	51	50	48		
44	10	52	49	54	48	50	53	55	51	56	45
43	2	50	49								
42	9	46	43	54	51	55	53	47	56	52	
41	5	50	49	51	52	46					
40	6	46	54	48	43	42	45				
39	7	41	55	40	56	48	43	54			
38	5	47	51	43	54	56					
37	1	38									
36	8	48	41	56	40	47	55	37	50		
35	4	53	39	47	43						
34	2	56	36								
33	6	50	51	43	49	52	48				
32	10	51	53	38	54	35	39	52	50	42	46
31	5	38	51	41	50	33					
30	7	32	51	40	37	35	54	50			
29	7	40	56	39	44	45	37	54			
28	5	39	29	37	43	50					
27	4	31	48	47	51						
26	6	36	39	37	44	35	43				
25	5	48	30	49	46	44					
24	5	39	49	35	31	50					
23	9	36	26	55	34	41	50	32	25	42	
22	5	38	25	45	33	26					
21	10	44	54	45	39	24	38	56	53	47	42
20	2	37	21								
19	10	55	40	54	47	48	39	26	38	50	37
18	9	22	26	49	31	21	54	42	36	28	
17	5	22	56	48	51	47					
16	8	40	33	23	24	22	25	39	31		
15	2	43	28								
14	6	51	26	46	35	54	36				

99	25
25	10	33	26	59	51	84	54	58	43	34	89
24	3	56	55	89							
23	8	84	41	96	81	34	73	59	92		
22	8	73	79	89	76	36	65	87	61		
21	4	75	47	56	63						
20	3	54	39	43							
19	6	26	98	44	49	43	60				
18	10	95	80	47	69	57	37	32	74	73	26
17	5	35	51	95	50	31					
16	9	39	74	65	54	47	85	93	30	64	
15	1	21									
14	10	68	74	91	62	54	94	34	88	99	56
13	6	63	22	96	85	93	19				
12	8	66	77	20	81	75	61	65	99		
11	8	38	59	96	22	78	80	36	31		
10	3	50	63	48							
9	2	67	47								
8	1	30									
7	5	16	66	59	9	42					
6	5	12	36	34	60	64					
5	1	6									
4	1	10									
3	1	90									
2	9	68	73	29	27	11	30	26	3	15	
1	4	35	19	70	25						


59	18
2	10	46	50	26	43	17	38	39	18	44	29
18	1	1									
9	10	15	14	22	57	19	43	18	33	55	29
11	4	36	35	21	34						
7	6	54	58	11	59	34	55				
4	10	57	39	38	46	24	15	18	50	33	32
17	4	53	34	3	47	
24	4	57	17	15	31		
10	10	39	41	29	24	58	50	35	4	53	13
6	7	25	52	28	49	26	38	22	
8	10	26	35	12	18	58	50	57	48	5	56
14	9	13	54	2	47	20	3	25	46	59	
12	8	43	31	1	55	49	11	48	39		
16	4	41	30	43	53						
25	5	3	31	29	51	49						
13  10	53 36 26 49 18 17 48 25 15 16
3	10	37	43	47	49	22	42	59	46	7	5
15 1 6


59	12
1	9	46	50	26	43	17	38	39	18	44		
4	1	1						
7	10	15	14	22	57	19	43	18	33	55	29
8	4	36	35	21	34		
13	6	54	58	11	59	34	55				
17	10	57	39	38	46	24	15	18	50	33	32
19	4	53	34	3	47		
20	1  5 		
27	10	39	41	29	24	58	50	35	4	53	13
23	1 1
30	7	25	52	28	49	26	38	22		
33	10	26	35	12	18	58	50	57	48	5	56

3	1
1	1	2

100 99
1 1 2
2 1 3
3 1 4
4 1 5
5 1 6
6 1 7
7 1 8
8 1 9
9 1 10
10 1 11
11 1 12
12 1 13
13 1 14
14 1 15
15 1 16
16 1 17
17 1 18
18 1 19
19 1 20
20 1 21
21 1 22
22 1 23
23 1 24
24 1 25
25 1 26
26 1 27
27 1 28
28 1 29
29 1 30
30 1 31
31 1 32
32 1 33
33 1 34
34 1 35
35 1 36
36 1 37
37 1 38
38 1 39
39 1 40
40 1 41
41 1 42
42 1 43
43 1 44
44 1 45
45 1 46
46 1 47
47 1 48
48 1 49
49 1 50
50 1 51
51 1 52
52 1 53
53 1 54
54 1 55
55 1 56
56 1 57
57 1 58
58 1 59
59 1 60
60 1 61
61 1 62
62 1 63
63 1 64
64 1 65
65 1 66
66 1 67
67 1 68
68 1 69
69 1 70
70 1 71
71 1 72
72 1 73
73 1 74
74 1 75
75 1 76
76 1 77
77 1 78
78 1 79
79 1 80
80 1 81
81 1 82
82 1 83
83 1 84
84 1 85
85 1 86
86 1 87
87 1 88
88 1 89
89 1 90
90 1 91
91 1 92
92 1 93
93 1 94
94 1 95
95 1 96
96 1 97
97 1 98
98 1 99
99 1 100

100	99																																																																																																			
2	1	1																																																																																																		
3	2	1	2																																																																																																	
4	3	1	2	3																																																																																																
5	4	1	2	3	4																																																																																															
6	5	1	2	3	4	5																																																																																														
7	6	1	2	3	4	5	6																																																																																													
8	7	1	2	3	4	5	6	7																																																																																												
9	8	1	2	3	4	5	6	7	8																																																																																											
10	9	1	2	3	4	5	6	7	8	9																																																																																										
11	10	1	2	3	4	5	6	7	8	9	10																																																																																									
12	11	1	2	3	4	5	6	7	8	9	10	11																																																																																								
13	12	1	2	3	4	5	6	7	8	9	10	11	12																																																																																							
14	13	1	2	3	4	5	6	7	8	9	10	11	12	13																																																																																						
15	14	1	2	3	4	5	6	7	8	9	10	11	12	13	14																																																																																					
16	15	1	2	3	4	5	6	7	8	9	10	11	12	13	14	15																																																																																				
17	16	1	2	3	4	5	6	7	8	9	10	11	12	13	14	15	16																																																																																			
18	17	1	2	3	4	5	6	7	8	9	10	11	12	13	14	15	16	17																																																																																		
19	18	1	2	3	4	5	6	7	8	9	10	11	12	13	14	15	16	17	18																																																																																	
20	19	1	2	3	4	5	6	7	8	9	10	11	12	13	14	15	16	17	18	19																																																																																
21	20	1	2	3	4	5	6	7	8	9	10	11	12	13	14	15	16	17	18	19	20																																																																															
22	21	1	2	3	4	5	6	7	8	9	10	11	12	13	14	15	16	17	18	19	20	21																																																																														
23	22	1	2	3	4	5	6	7	8	9	10	11	12	13	14	15	16	17	18	19	20	21	22																																																																													
24	23	1	2	3	4	5	6	7	8	9	10	11	12	13	14	15	16	17	18	19	20	21	22	23																																																																												
25	24	1	2	3	4	5	6	7	8	9	10	11	12	13	14	15	16	17	18	19	20	21	22	23	24																																																																											
26	25	1	2	3	4	5	6	7	8	9	10	11	12	13	14	15	16	17	18	19	20	21	22	23	24	25																																																																										
27	26	1	2	3	4	5	6	7	8	9	10	11	12	13	14	15	16	17	18	19	20	21	22	23	24	25	26																																																																									
28	27	1	2	3	4	5	6	7	8	9	10	11	12	13	14	15	16	17	18	19	20	21	22	23	24	25	26	27																																																																								
29	28	1	2	3	4	5	6	7	8	9	10	11	12	13	14	15	16	17	18	19	20	21	22	23	24	25	26	27	28																																																																							
30	29	1	2	3	4	5	6	7	8	9	10	11	12	13	14	15	16	17	18	19	20	21	22	23	24	25	26	27	28	29																																																																						
31	30	1	2	3	4	5	6	7	8	9	10	11	12	13	14	15	16	17	18	19	20	21	22	23	24	25	26	27	28	29	30																																																																					
32	31	1	2	3	4	5	6	7	8	9	10	11	12	13	14	15	16	17	18	19	20	21	22	23	24	25	26	27	28	29	30	31																																																																				
33	32	1	2	3	4	5	6	7	8	9	10	11	12	13	14	15	16	17	18	19	20	21	22	23	24	25	26	27	28	29	30	31	32																																																																			
34	33	1	2	3	4	5	6	7	8	9	10	11	12	13	14	15	16	17	18	19	20	21	22	23	24	25	26	27	28	29	30	31	32	33																																																																		
35	34	1	2	3	4	5	6	7	8	9	10	11	12	13	14	15	16	17	18	19	20	21	22	23	24	25	26	27	28	29	30	31	32	33	34																																																																	
36	35	1	2	3	4	5	6	7	8	9	10	11	12	13	14	15	16	17	18	19	20	21	22	23	24	25	26	27	28	29	30	31	32	33	34	35																																																																
37	36	1	2	3	4	5	6	7	8	9	10	11	12	13	14	15	16	17	18	19	20	21	22	23	24	25	26	27	28	29	30	31	32	33	34	35	36																																																															
38	37	1	2	3	4	5	6	7	8	9	10	11	12	13	14	15	16	17	18	19	20	21	22	23	24	25	26	27	28	29	30	31	32	33	34	35	36	37																																																														
39	38	1	2	3	4	5	6	7	8	9	10	11	12	13	14	15	16	17	18	19	20	21	22	23	24	25	26	27	28	29	30	31	32	33	34	35	36	37	38																																																													
40	39	1	2	3	4	5	6	7	8	9	10	11	12	13	14	15	16	17	18	19	20	21	22	23	24	25	26	27	28	29	30	31	32	33	34	35	36	37	38	39																																																												
41	40	1	2	3	4	5	6	7	8	9	10	11	12	13	14	15	16	17	18	19	20	21	22	23	24	25	26	27	28	29	30	31	32	33	34	35	36	37	38	39	40																																																											
42	41	1	2	3	4	5	6	7	8	9	10	11	12	13	14	15	16	17	18	19	20	21	22	23	24	25	26	27	28	29	30	31	32	33	34	35	36	37	38	39	40	41																																																										
43	42	1	2	3	4	5	6	7	8	9	10	11	12	13	14	15	16	17	18	19	20	21	22	23	24	25	26	27	28	29	30	31	32	33	34	35	36	37	38	39	40	41	42																																																									
44	43	1	2	3	4	5	6	7	8	9	10	11	12	13	14	15	16	17	18	19	20	21	22	23	24	25	26	27	28	29	30	31	32	33	34	35	36	37	38	39	40	41	42	43																																																								
45	44	1	2	3	4	5	6	7	8	9	10	11	12	13	14	15	16	17	18	19	20	21	22	23	24	25	26	27	28	29	30	31	32	33	34	35	36	37	38	39	40	41	42	43	44																																																							
46	45	1	2	3	4	5	6	7	8	9	10	11	12	13	14	15	16	17	18	19	20	21	22	23	24	25	26	27	28	29	30	31	32	33	34	35	36	37	38	39	40	41	42	43	44	45																																																						
47	46	1	2	3	4	5	6	7	8	9	10	11	12	13	14	15	16	17	18	19	20	21	22	23	24	25	26	27	28	29	30	31	32	33	34	35	36	37	38	39	40	41	42	43	44	45	46																																																					
48	47	1	2	3	4	5	6	7	8	9	10	11	12	13	14	15	16	17	18	19	20	21	22	23	24	25	26	27	28	29	30	31	32	33	34	35	36	37	38	39	40	41	42	43	44	45	46	47																																																				
49	48	1	2	3	4	5	6	7	8	9	10	11	12	13	14	15	16	17	18	19	20	21	22	23	24	25	26	27	28	29	30	31	32	33	34	35	36	37	38	39	40	41	42	43	44	45	46	47	48																																																			
50	49	1	2	3	4	5	6	7	8	9	10	11	12	13	14	15	16	17	18	19	20	21	22	23	24	25	26	27	28	29	30	31	32	33	34	35	36	37	38	39	40	41	42	43	44	45	46	47	48	49																																																		
51	50	1	2	3	4	5	6	7	8	9	10	11	12	13	14	15	16	17	18	19	20	21	22	23	24	25	26	27	28	29	30	31	32	33	34	35	36	37	38	39	40	41	42	43	44	45	46	47	48	49	50																																																	
52	51	1	2	3	4	5	6	7	8	9	10	11	12	13	14	15	16	17	18	19	20	21	22	23	24	25	26	27	28	29	30	31	32	33	34	35	36	37	38	39	40	41	42	43	44	45	46	47	48	49	50	51																																																
53	52	1	2	3	4	5	6	7	8	9	10	11	12	13	14	15	16	17	18	19	20	21	22	23	24	25	26	27	28	29	30	31	32	33	34	35	36	37	38	39	40	41	42	43	44	45	46	47	48	49	50	51	52																																															
54	53	1	2	3	4	5	6	7	8	9	10	11	12	13	14	15	16	17	18	19	20	21	22	23	24	25	26	27	28	29	30	31	32	33	34	35	36	37	38	39	40	41	42	43	44	45	46	47	48	49	50	51	52	53																																														
55	54	1	2	3	4	5	6	7	8	9	10	11	12	13	14	15	16	17	18	19	20	21	22	23	24	25	26	27	28	29	30	31	32	33	34	35	36	37	38	39	40	41	42	43	44	45	46	47	48	49	50	51	52	53	54																																													
56	55	1	2	3	4	5	6	7	8	9	10	11	12	13	14	15	16	17	18	19	20	21	22	23	24	25	26	27	28	29	30	31	32	33	34	35	36	37	38	39	40	41	42	43	44	45	46	47	48	49	50	51	52	53	54	55																																												
57	56	1	2	3	4	5	6	7	8	9	10	11	12	13	14	15	16	17	18	19	20	21	22	23	24	25	26	27	28	29	30	31	32	33	34	35	36	37	38	39	40	41	42	43	44	45	46	47	48	49	50	51	52	53	54	55	56																																											
58	57	1	2	3	4	5	6	7	8	9	10	11	12	13	14	15	16	17	18	19	20	21	22	23	24	25	26	27	28	29	30	31	32	33	34	35	36	37	38	39	40	41	42	43	44	45	46	47	48	49	50	51	52	53	54	55	56	57																																										
59	58	1	2	3	4	5	6	7	8	9	10	11	12	13	14	15	16	17	18	19	20	21	22	23	24	25	26	27	28	29	30	31	32	33	34	35	36	37	38	39	40	41	42	43	44	45	46	47	48	49	50	51	52	53	54	55	56	57	58																																									
60	59	1	2	3	4	5	6	7	8	9	10	11	12	13	14	15	16	17	18	19	20	21	22	23	24	25	26	27	28	29	30	31	32	33	34	35	36	37	38	39	40	41	42	43	44	45	46	47	48	49	50	51	52	53	54	55	56	57	58	59																																								
61	60	1	2	3	4	5	6	7	8	9	10	11	12	13	14	15	16	17	18	19	20	21	22	23	24	25	26	27	28	29	30	31	32	33	34	35	36	37	38	39	40	41	42	43	44	45	46	47	48	49	50	51	52	53	54	55	56	57	58	59	60																																							
62	61	1	2	3	4	5	6	7	8	9	10	11	12	13	14	15	16	17	18	19	20	21	22	23	24	25	26	27	28	29	30	31	32	33	34	35	36	37	38	39	40	41	42	43	44	45	46	47	48	49	50	51	52	53	54	55	56	57	58	59	60	61																																						
63	62	1	2	3	4	5	6	7	8	9	10	11	12	13	14	15	16	17	18	19	20	21	22	23	24	25	26	27	28	29	30	31	32	33	34	35	36	37	38	39	40	41	42	43	44	45	46	47	48	49	50	51	52	53	54	55	56	57	58	59	60	61	62																																					
64	63	1	2	3	4	5	6	7	8	9	10	11	12	13	14	15	16	17	18	19	20	21	22	23	24	25	26	27	28	29	30	31	32	33	34	35	36	37	38	39	40	41	42	43	44	45	46	47	48	49	50	51	52	53	54	55	56	57	58	59	60	61	62	63																																				
65	64	1	2	3	4	5	6	7	8	9	10	11	12	13	14	15	16	17	18	19	20	21	22	23	24	25	26	27	28	29	30	31	32	33	34	35	36	37	38	39	40	41	42	43	44	45	46	47	48	49	50	51	52	53	54	55	56	57	58	59	60	61	62	63	64																																			
66	65	1	2	3	4	5	6	7	8	9	10	11	12	13	14	15	16	17	18	19	20	21	22	23	24	25	26	27	28	29	30	31	32	33	34	35	36	37	38	39	40	41	42	43	44	45	46	47	48	49	50	51	52	53	54	55	56	57	58	59	60	61	62	63	64	65																																		
67	66	1	2	3	4	5	6	7	8	9	10	11	12	13	14	15	16	17	18	19	20	21	22	23	24	25	26	27	28	29	30	31	32	33	34	35	36	37	38	39	40	41	42	43	44	45	46	47	48	49	50	51	52	53	54	55	56	57	58	59	60	61	62	63	64	65	66																																	
68	67	1	2	3	4	5	6	7	8	9	10	11	12	13	14	15	16	17	18	19	20	21	22	23	24	25	26	27	28	29	30	31	32	33	34	35	36	37	38	39	40	41	42	43	44	45	46	47	48	49	50	51	52	53	54	55	56	57	58	59	60	61	62	63	64	65	66	67																																
69	68	1	2	3	4	5	6	7	8	9	10	11	12	13	14	15	16	17	18	19	20	21	22	23	24	25	26	27	28	29	30	31	32	33	34	35	36	37	38	39	40	41	42	43	44	45	46	47	48	49	50	51	52	53	54	55	56	57	58	59	60	61	62	63	64	65	66	67	68																															
70	69	1	2	3	4	5	6	7	8	9	10	11	12	13	14	15	16	17	18	19	20	21	22	23	24	25	26	27	28	29	30	31	32	33	34	35	36	37	38	39	40	41	42	43	44	45	46	47	48	49	50	51	52	53	54	55	56	57	58	59	60	61	62	63	64	65	66	67	68	69																														
71	70	1	2	3	4	5	6	7	8	9	10	11	12	13	14	15	16	17	18	19	20	21	22	23	24	25	26	27	28	29	30	31	32	33	34	35	36	37	38	39	40	41	42	43	44	45	46	47	48	49	50	51	52	53	54	55	56	57	58	59	60	61	62	63	64	65	66	67	68	69	70																													
72	71	1	2	3	4	5	6	7	8	9	10	11	12	13	14	15	16	17	18	19	20	21	22	23	24	25	26	27	28	29	30	31	32	33	34	35	36	37	38	39	40	41	42	43	44	45	46	47	48	49	50	51	52	53	54	55	56	57	58	59	60	61	62	63	64	65	66	67	68	69	70	71																												
73	72	1	2	3	4	5	6	7	8	9	10	11	12	13	14	15	16	17	18	19	20	21	22	23	24	25	26	27	28	29	30	31	32	33	34	35	36	37	38	39	40	41	42	43	44	45	46	47	48	49	50	51	52	53	54	55	56	57	58	59	60	61	62	63	64	65	66	67	68	69	70	71	72																											
74	73	1	2	3	4	5	6	7	8	9	10	11	12	13	14	15	16	17	18	19	20	21	22	23	24	25	26	27	28	29	30	31	32	33	34	35	36	37	38	39	40	41	42	43	44	45	46	47	48	49	50	51	52	53	54	55	56	57	58	59	60	61	62	63	64	65	66	67	68	69	70	71	72	73																										
75	74	1	2	3	4	5	6	7	8	9	10	11	12	13	14	15	16	17	18	19	20	21	22	23	24	25	26	27	28	29	30	31	32	33	34	35	36	37	38	39	40	41	42	43	44	45	46	47	48	49	50	51	52	53	54	55	56	57	58	59	60	61	62	63	64	65	66	67	68	69	70	71	72	73	74																									
76	75	1	2	3	4	5	6	7	8	9	10	11	12	13	14	15	16	17	18	19	20	21	22	23	24	25	26	27	28	29	30	31	32	33	34	35	36	37	38	39	40	41	42	43	44	45	46	47	48	49	50	51	52	53	54	55	56	57	58	59	60	61	62	63	64	65	66	67	68	69	70	71	72	73	74	75																								
77	76	1	2	3	4	5	6	7	8	9	10	11	12	13	14	15	16	17	18	19	20	21	22	23	24	25	26	27	28	29	30	31	32	33	34	35	36	37	38	39	40	41	42	43	44	45	46	47	48	49	50	51	52	53	54	55	56	57	58	59	60	61	62	63	64	65	66	67	68	69	70	71	72	73	74	75	76																							
78	77	1	2	3	4	5	6	7	8	9	10	11	12	13	14	15	16	17	18	19	20	21	22	23	24	25	26	27	28	29	30	31	32	33	34	35	36	37	38	39	40	41	42	43	44	45	46	47	48	49	50	51	52	53	54	55	56	57	58	59	60	61	62	63	64	65	66	67	68	69	70	71	72	73	74	75	76	77																						
79	78	1	2	3	4	5	6	7	8	9	10	11	12	13	14	15	16	17	18	19	20	21	22	23	24	25	26	27	28	29	30	31	32	33	34	35	36	37	38	39	40	41	42	43	44	45	46	47	48	49	50	51	52	53	54	55	56	57	58	59	60	61	62	63	64	65	66	67	68	69	70	71	72	73	74	75	76	77	78																					
80	79	1	2	3	4	5	6	7	8	9	10	11	12	13	14	15	16	17	18	19	20	21	22	23	24	25	26	27	28	29	30	31	32	33	34	35	36	37	38	39	40	41	42	43	44	45	46	47	48	49	50	51	52	53	54	55	56	57	58	59	60	61	62	63	64	65	66	67	68	69	70	71	72	73	74	75	76	77	78	79																				
81	80	1	2	3	4	5	6	7	8	9	10	11	12	13	14	15	16	17	18	19	20	21	22	23	24	25	26	27	28	29	30	31	32	33	34	35	36	37	38	39	40	41	42	43	44	45	46	47	48	49	50	51	52	53	54	55	56	57	58	59	60	61	62	63	64	65	66	67	68	69	70	71	72	73	74	75	76	77	78	79	80																			
82	81	1	2	3	4	5	6	7	8	9	10	11	12	13	14	15	16	17	18	19	20	21	22	23	24	25	26	27	28	29	30	31	32	33	34	35	36	37	38	39	40	41	42	43	44	45	46	47	48	49	50	51	52	53	54	55	56	57	58	59	60	61	62	63	64	65	66	67	68	69	70	71	72	73	74	75	76	77	78	79	80	81																		
83	82	1	2	3	4	5	6	7	8	9	10	11	12	13	14	15	16	17	18	19	20	21	22	23	24	25	26	27	28	29	30	31	32	33	34	35	36	37	38	39	40	41	42	43	44	45	46	47	48	49	50	51	52	53	54	55	56	57	58	59	60	61	62	63	64	65	66	67	68	69	70	71	72	73	74	75	76	77	78	79	80	81	82																	
84	83	1	2	3	4	5	6	7	8	9	10	11	12	13	14	15	16	17	18	19	20	21	22	23	24	25	26	27	28	29	30	31	32	33	34	35	36	37	38	39	40	41	42	43	44	45	46	47	48	49	50	51	52	53	54	55	56	57	58	59	60	61	62	63	64	65	66	67	68	69	70	71	72	73	74	75	76	77	78	79	80	81	82	83																
85	84	1	2	3	4	5	6	7	8	9	10	11	12	13	14	15	16	17	18	19	20	21	22	23	24	25	26	27	28	29	30	31	32	33	34	35	36	37	38	39	40	41	42	43	44	45	46	47	48	49	50	51	52	53	54	55	56	57	58	59	60	61	62	63	64	65	66	67	68	69	70	71	72	73	74	75	76	77	78	79	80	81	82	83	84															
86	85	1	2	3	4	5	6	7	8	9	10	11	12	13	14	15	16	17	18	19	20	21	22	23	24	25	26	27	28	29	30	31	32	33	34	35	36	37	38	39	40	41	42	43	44	45	46	47	48	49	50	51	52	53	54	55	56	57	58	59	60	61	62	63	64	65	66	67	68	69	70	71	72	73	74	75	76	77	78	79	80	81	82	83	84	85														
87	86	1	2	3	4	5	6	7	8	9	10	11	12	13	14	15	16	17	18	19	20	21	22	23	24	25	26	27	28	29	30	31	32	33	34	35	36	37	38	39	40	41	42	43	44	45	46	47	48	49	50	51	52	53	54	55	56	57	58	59	60	61	62	63	64	65	66	67	68	69	70	71	72	73	74	75	76	77	78	79	80	81	82	83	84	85	86													
88	87	1	2	3	4	5	6	7	8	9	10	11	12	13	14	15	16	17	18	19	20	21	22	23	24	25	26	27	28	29	30	31	32	33	34	35	36	37	38	39	40	41	42	43	44	45	46	47	48	49	50	51	52	53	54	55	56	57	58	59	60	61	62	63	64	65	66	67	68	69	70	71	72	73	74	75	76	77	78	79	80	81	82	83	84	85	86	87												
89	88	1	2	3	4	5	6	7	8	9	10	11	12	13	14	15	16	17	18	19	20	21	22	23	24	25	26	27	28	29	30	31	32	33	34	35	36	37	38	39	40	41	42	43	44	45	46	47	48	49	50	51	52	53	54	55	56	57	58	59	60	61	62	63	64	65	66	67	68	69	70	71	72	73	74	75	76	77	78	79	80	81	82	83	84	85	86	87	88											
90	89	1	2	3	4	5	6	7	8	9	10	11	12	13	14	15	16	17	18	19	20	21	22	23	24	25	26	27	28	29	30	31	32	33	34	35	36	37	38	39	40	41	42	43	44	45	46	47	48	49	50	51	52	53	54	55	56	57	58	59	60	61	62	63	64	65	66	67	68	69	70	71	72	73	74	75	76	77	78	79	80	81	82	83	84	85	86	87	88	89										
91	90	1	2	3	4	5	6	7	8	9	10	11	12	13	14	15	16	17	18	19	20	21	22	23	24	25	26	27	28	29	30	31	32	33	34	35	36	37	38	39	40	41	42	43	44	45	46	47	48	49	50	51	52	53	54	55	56	57	58	59	60	61	62	63	64	65	66	67	68	69	70	71	72	73	74	75	76	77	78	79	80	81	82	83	84	85	86	87	88	89	90									
92	91	1	2	3	4	5	6	7	8	9	10	11	12	13	14	15	16	17	18	19	20	21	22	23	24	25	26	27	28	29	30	31	32	33	34	35	36	37	38	39	40	41	42	43	44	45	46	47	48	49	50	51	52	53	54	55	56	57	58	59	60	61	62	63	64	65	66	67	68	69	70	71	72	73	74	75	76	77	78	79	80	81	82	83	84	85	86	87	88	89	90	91								
93	92	1	2	3	4	5	6	7	8	9	10	11	12	13	14	15	16	17	18	19	20	21	22	23	24	25	26	27	28	29	30	31	32	33	34	35	36	37	38	39	40	41	42	43	44	45	46	47	48	49	50	51	52	53	54	55	56	57	58	59	60	61	62	63	64	65	66	67	68	69	70	71	72	73	74	75	76	77	78	79	80	81	82	83	84	85	86	87	88	89	90	91	92							
94	93	1	2	3	4	5	6	7	8	9	10	11	12	13	14	15	16	17	18	19	20	21	22	23	24	25	26	27	28	29	30	31	32	33	34	35	36	37	38	39	40	41	42	43	44	45	46	47	48	49	50	51	52	53	54	55	56	57	58	59	60	61	62	63	64	65	66	67	68	69	70	71	72	73	74	75	76	77	78	79	80	81	82	83	84	85	86	87	88	89	90	91	92	93						
95	94	1	2	3	4	5	6	7	8	9	10	11	12	13	14	15	16	17	18	19	20	21	22	23	24	25	26	27	28	29	30	31	32	33	34	35	36	37	38	39	40	41	42	43	44	45	46	47	48	49	50	51	52	53	54	55	56	57	58	59	60	61	62	63	64	65	66	67	68	69	70	71	72	73	74	75	76	77	78	79	80	81	82	83	84	85	86	87	88	89	90	91	92	93	94					
96	95	1	2	3	4	5	6	7	8	9	10	11	12	13	14	15	16	17	18	19	20	21	22	23	24	25	26	27	28	29	30	31	32	33	34	35	36	37	38	39	40	41	42	43	44	45	46	47	48	49	50	51	52	53	54	55	56	57	58	59	60	61	62	63	64	65	66	67	68	69	70	71	72	73	74	75	76	77	78	79	80	81	82	83	84	85	86	87	88	89	90	91	92	93	94	95				
97	96	1	2	3	4	5	6	7	8	9	10	11	12	13	14	15	16	17	18	19	20	21	22	23	24	25	26	27	28	29	30	31	32	33	34	35	36	37	38	39	40	41	42	43	44	45	46	47	48	49	50	51	52	53	54	55	56	57	58	59	60	61	62	63	64	65	66	67	68	69	70	71	72	73	74	75	76	77	78	79	80	81	82	83	84	85	86	87	88	89	90	91	92	93	94	95	96			
98	97	1	2	3	4	5	6	7	8	9	10	11	12	13	14	15	16	17	18	19	20	21	22	23	24	25	26	27	28	29	30	31	32	33	34	35	36	37	38	39	40	41	42	43	44	45	46	47	48	49	50	51	52	53	54	55	56	57	58	59	60	61	62	63	64	65	66	67	68	69	70	71	72	73	74	75	76	77	78	79	80	81	82	83	84	85	86	87	88	89	90	91	92	93	94	95	96	97		
99	98	1	2	3	4	5	6	7	8	9	10	11	12	13	14	15	16	17	18	19	20	21	22	23	24	25	26	27	28	29	30	31	32	33	34	35	36	37	38	39	40	41	42	43	44	45	46	47	48	49	50	51	52	53	54	55	56	57	58	59	60	61	62	63	64	65	66	67	68	69	70	71	72	73	74	75	76	77	78	79	80	81	82	83	84	85	86	87	88	89	90	91	92	93	94	95	96	97	98	
100	99	1	2	3	4	5	6	7	8	9	10	11	12	13	14	15	16	17	18	19	20	21	22	23	24	25	26	27	28	29	30	31	32	33	34	35	36	37	38	39	40	41	42	43	44	45	46	47	48	49	50	51	52	53	54	55	56	57	58	59	60	61	62	63	64	65	66	67	68	69	70	71	72	73	74	75	76	77	78	79	80	81	82	83	84	85	86	87	88	89	90	91	92	93	94	95	96	97	98	99

