5 4
3 2 1 5
2 2 5 3
4 1 3
5 1 1

14 8
2 1 12 
3 1 6 
4 2 13 9 
5 2 4 7 
6 2 11 12 
7 1 3 
8 1 13 
9 1 8 

71 4
2 1 11 
3 2 6 12 
4 1 34 
5 1 17 

86 1
2 1 17 

3 0

14 5
2 1 1 
3 2 7 9 
4 3 12 3 2 
5 3 9 8 1 
6 1 4 

8 2
2 1 3 
3 1 7 

17 1
2 1 1 

16 3
2 1 11 
3 2 1 2 
4 3 2 13 8 

14 11
2 1 1 
3 1 1 
4 1 2 
5 3 6 7 1 
6 4 4 7 2 12 
7 2 9 1 
8 1 2 
9 1 1 
10 2 8 2 
11 2 2 5 
12 2 8 1 

30 13
2 1 1 
3 2 25 22 
4 2 10 11 
5 3 22 19 18 
6 5 19 8 15 12 28 
7 5 28 23 16 14 10 
8 5 13 16 15 7 12 
9 6 15 25 7 5 18 27 
10 2 20 16 
11 1 25 
12 1 10 
13 3 7 9 29 
14 2 2 28 

58 16
2 1 33 
3 2 50 52 
4 3 38 6 33 
5 4 47 29 23 38 
6 4 43 54 26 49 
7 2 48 32 
8 7 56 24 32 33 50 19 22 
9 6 48 44 4 33 51 8 
10 8 42 44 28 46 8 5 50 37 
11 6 20 22 27 13 41 35 
12 7 15 49 41 2 7 8 56 
13 9 15 53 5 3 10 26 43 41 25 
14 4 33 22 31 23 
15 7 40 1 26 7 14 2 6 
16 9 56 44 39 7 12 13 3 19 23 
17 2 26 34 

77 16
2 1 4 
3 1 28 
4 1 67 
5 3 36 55 31 
6 2 18 21 
7 2 11 47 
8 3 59 39 25 
9 5 1 55 68 29 5 
10 5 64 20 9 58 73 
11 8 70 56 15 65 61 58 21 74 
12 8 17 1 34 67 4 15 18 5 
13 5 44 1 38 58 75 
15 3 25 18 38 
16 11 36 56 67 26 68 55 20 30 15 27 9 
17 6 24 26 7 73 30 20 
19 3 49 28 36 

7 3
2 1 5 
3 2 6 1 
4 3 5 3 1 

28 3
2 1 11 
3 2 7 2 
4 3 17 2 7 

19 6
2 1 16 
3 1 18 
4 1 8 
5 1 15 
6 1 18 
7 6 4 17 8 16 6 9 

18 8
2 1 11 
3 1 10 
4 3 5 2 9 
5 2 2 1 
6 4 14 13 4 17 
7 6 3 10 13 4 1 6 
8 2 7 3 
9 1 2 

5 2
2 1 1 
3 2 2 1 

1 0

11 8
2 1 5 
3 1 10 
4 3 1 2 7 
5 2 3 10 
6 4 2 5 8 4 
7 3 2 5 1 
8 4 1 10 4 3 
9 2 8 5 

77 14
2 1 4 
3 1 28 
4 1 67 
5 3 36 55 31 
6 2 18 21 
7 2 11 47 
8 3 59 39 25 
9 5 1 55 68 29 5 
10 5 64 20 9 58 73 
11 8 70 56 15 65 61 58 21 74 
12 8 17 1 34 67 4 15 18 5 
13 5 44 1 38 58 75 
14 4 47 46 6 33 
15 3 25 18 38 

27 15
2 1 20 
3 2 25 26 
4 1 20 
5 3 25 10 12 
6 1 11 
7 2 10 15 
8 2 10 7 
9 7 3 12 7 17 2 11 8 
10 7 23 18 16 1 21 19 25 
11 2 10 1 
12 9 3 11 25 22 7 20 8 17 15 
13 5 10 14 7 8 23 
14 5 9 22 7 4 16 
15 3 4 11 19 
16 8 26 24 23 21 1 3 19 22 

49 17
2 1 37 
3 2 36 24 
4 1 41 
5 1 43 
6 4 13 21 19 37 
7 3 40 25 1 
8 2 27 21 
9 1 32 
10 5 16 13 44 4 7 
11 9 13 10 21 34 17 2 23 6 7 
12 11 4 24 11 3 8 14 36 6 22 42 9 
13 1 29 
14 10 2 21 35 8 7 19 47 6 37 20 
15 8 36 13 25 39 23 3 37 46 
16 14 8 5 21 28 40 42 26 29 13 14 33 30 19 41 
17 4 32 3 34 36 
18 16 33 48 37 25 17 34 4 46 8 12 11 10 26 15 1 38 

37 11
2 1 11 
3 2 35 32 
4 2 27 29 
5 1 15 
6 5 29 25 21 15 7 
7 3 21 3 18 
8 2 1 3 
9 7 22 1 25 17 3 21 13 
10 9 11 7 36 33 22 31 26 34 17 
11 2 31 24 
12 6 35 1 16 3 11 25 

23 9
2 1 7 
3 1 16 
4 1 11 
5 3 11 4 13 
6 3 2 1 5 
7 2 13 4 
8 5 12 21 18 20 15 
9 4 19 2 22 1 
10 3 13 21 5 

4 2
2 1 4 
3 2 1 2 

78 1
2 1 5 

50 10
2 1 24 
3 2 48 27 
4 1 8 
5 1 19 
6 1 40 
7 2 22 17 
8 7 13 23 9 46 24 3 22 
9 8 17 10 2 13 6 14 39 30 
10 6 23 36 7 45 6 43 
11 3 39 12 8 

85 6
2 1 60 
3 1 81 
4 1 56 
5 2 10 45 
6 4 9 31 33 70 
7 3 64 20 61 

36 15
2 1 1 
3 1 17 
4 2 29 23 
5 1 8 
6 1 11 
7 6 13 21 5 6 29 3 
8 6 17 31 20 1 6 35 
9 5 18 7 6 28 23 
10 3 18 21 2 
11 3 4 31 29 
12 2 10 17 
13 8 26 18 4 8 6 28 27 14 
14 3 11 33 8 
15 14 14 30 17 24 31 32 23 12 33 28 3 2 10 5 
16 7 19 22 7 31 4 34 26 

29 13
2 1 19 
3 1 22 
4 1 25 
5 1 9 
6 1 13 
7 3 13 23 2 
8 5 1 5 24 19 3 
9 5 15 14 11 1 6 
10 8 25 28 4 22 7 23 8 13 
11 10 15 26 1 7 24 27 25 19 3 18 
12 5 27 18 19 2 4 
13 1 20 
14 10 18 20 6 17 25 12 19 3 15 13 

66 4
2 1 1 
3 2 53 62 
4 2 50 63 
5 2 25 46 

57 7
2 1 34 
3 1 4 
4 1 44 
5 1 34 
6 2 54 26 
7 3 34 42 49 
8 6 54 26 13 20 19 24 

78 3
2 1 24 
3 2 61 60 
4 1 51 

12 8
2 1 1 
3 1 5 
4 2 7 6 
5 1 2 
6 2 3 11 
7 5 8 6 3 9 2 
8 3 10 6 9 
9 7 10 6 1 5 2 11 3 

36 5
2 1 31 
3 2 31 34 
4 1 27 
5 2 15 2 
6 5 11 1 2 16 28

17 13
2 1 10 
3 1 11 
4 3 16 9 2 
5 3 2 3 16 
6 1 5 
7 3 10 16 1 
8 2 3 16 
9 3 17 15 14 
10 7 15 1 14 8 16 9 11 
11 3 1 15 16 
12 11 6 3 15 2 16 14 10 11 5 9 4 
13 12 12 8 9 2 1 7 3 14 6 4 5 11 
14 7 11 16 3 1 15 8 17 

7 1
2 1 1 

21 4
2 1 7 
3 2 13 9 
4 1 3 
5 2 18 15 

51 14
2 1 22 
3 1 15 
4 3 14 8 21 
5 3 34 27 46 
6 5 19 30 33 38 18 
7 6 37 20 36 44 22 50 
8 3 23 49 50 
9 4 17 3 27 5 
10 2 29 1 
11 4 31 45 33 26 
12 7 35 20 7 10 43 42 9 
13 8 42 26 39 28 16 23 29 5 
14 5 37 23 11 35 18 
15 4 4 37 46 19 

8 1
2 1 1 

19 6
2 1 14 
3 1 12 
4 3 1 3 14 
5 3 13 4 16 
6 5 2 12 9 4 3 
7 4 14 3 2 10 

11 5
2 1 6 
3 2 8 10 
4 3 7 1 2 
5 1 3 
6 3 3 7 10

21 3
2 1 10 
3 1 17 
4 2 10 5 

66 13
2 1 46 
3 1 51 
4 2 5 31 
5 4 9 30 32 57 
6 3 20 22 35 
7 4 20 41 29 5 
8 7 58 33 34 29 62 54 25 
9 4 34 13 37 25 
10 7 31 12 8 6 9 32 21 
11 4 26 31 3 17 
12 2 30 14 
13 9 52 28 23 43 1 58 17 3 48 
14 1 36 

38 12
2 1 17 
3 1 36 
4 1 11 
5 1 17 
6 2 10 36 
7 6 30 15 1 22 3 6 
8 4 29 36 16 4 
9 2 20 22 
10 5 2 33 15 4 16 
11 1 5 
12 5 20 19 29 26 25 
13 1 9 

15 10
2 1 9 
3 2 8 1 
4 1 1 
5 4 7 9 13 1 
6 4 15 7 12 1 
7 6 10 15 14 4 14 3 
8 2 4 15 
9 3 3 1 13 
10 4 14 4 1 3 
11 1 5 

21 3
2 1 8 
3 1 5 
4 3 2 16 12 

16 2
2 1 10 
3 2 10 2 

12 4
2 1 1 
3 1 8 
4 1 6 
5 1 4 

76 7
2 1 12 
3 2 70 23 
4 1 37 
5 3 63 42 15 
6 2 55 69 
7 4 31 66 53 34 
8 3 24 22 55

8 7
2 1 1 
3 2 7 2 
4 1 3 
5 3 6 1 4 
6 4 3 1 2 4 
7 2 1 8 
8 1 2 

49 15
2 1 3 
3 2 12 37 
4 1 45 
5 2 21 18 
6 5 3 5 19 16 35 
7 5 45 8 12 13 38 
8 4 10 4 20 31 
9 8 28 21 33 40 29 44 1 8 
10 1 5 
11 4 46 37 21 40 
12 8 39 8 9 20 16 18 25 17 
13 7 3 22 23 33 2 36 18 
14 7 36 28 4 13 20 30 44 
15 14 23 19 1 48 44 5 24 4 33 47 42 35 16 26 
16 6 41 37 31 44 48 25 

43 12
2 1 19 
3 1 14 
4 2 8 12 
5 4 42 6 9 17 
6 2 32 8 
7 3 42 13 3 
8 1 23 
9 6 23 31 41 13 39 4 
10 7 8 25 4 6 27 38 26 
11 4 16 32 22 27 
12 1 1 
13 10 10 37 36 39 16 2 40 17 6 4 

16 11
2 1 11 
3 1 13 
4 2 14 5 
5 2 11 7 
6 2 16 12 
7 2 3 12 
8 6 2 1 7 3 4 10 
9 1 13 
10 1 6 
11 7 6 3 9 1 7 15 10 
12 2 1 3 

41 8
2 1 29 
3 2 9 10 
4 1 24 
5 3 13 18 6 
6 5 3 30 38 14 8 
7 5 32 33 36 16 20 
8 7 38 28 37 23 27 3 15 
9 7 7 10 2 12 22 34 4 

14 8
2 1 12 
3 1 6 
4 2 13 9 
5 2 4 7 
6 2 11 12 
7 1 3 
8 1 13 
9 1 8 

94 79
2 1 1 
3 2 2 1 
4 3 1 2 3 
5 4 1 4 3 2 
6 2 1 2 
7 5 2 5 4 6 1 
8 1 1 
9 8 8 2 5 1 3 6 4 7 
10 2 6 3 
11 5 10 8 3 5 7 
12 9 5 6 8 4 11 1 9 10 2 
13 6 5 2 11 6 8 12 
14 9 9 12 13 6 4 10 3 7 2 
15 14 8 7 3 11 6 2 13 5 10 4 14 12 1 9 
16 10 3 2 12 8 6 15 11 9 7 13 
17 16 3 13 16 7 10 8 11 1 5 4 15 14 12 6 2 9 
18 14 7 14 17 8 12 2 6 15 5 13 3 16 1 10 
19 7 1 16 9 8 4 6 17 
20 14 12 8 1 15 11 18 14 10 19 2 17 4 7 6 
21 10 9 5 18 15 2 12 3 10 17 20 
22 18 7 2 17 18 20 21 11 5 3 6 19 10 9 14 15 8 1 16 
23 1 14 
24 1 12 
25 18 6 10 5 18 8 20 16 9 21 7 23 13 4 19 3 17 11 15 
26 10 14 22 17 8 24 7 3 4 25 20 
27 12 5 6 4 17 10 3 25 19 18 7 2 15 
28 21 3 20 13 18 5 22 6 12 23 27 11 17 16 2 19 1 25 15 21 4 7 
29 28 14 22 27 25 2 7 26 4 6 12 9 3 20 23 10 21 18 16 1 19 17 13 5 11 8 24 28 15 
30 26 25 1 9 13 20 4 10 15 18 3 22 6 7 26 24 27 17 19 21 2 16 29 8 11 23 5 
31 28 13 18 27 14 1 9 20 3 29 26 12 15 30 7 28 25 21 17 6 23 2 4 24 19 10 22 16 5 
32 11 20 21 22 9 17 2 5 8 16 7 13 
33 13 2 12 20 15 3 17 14 16 13 10 23 24 28 
34 26 9 11 28 32 3 10 19 5 6 29 7 12 27 1 25 13 20 4 22 33 14 16 18 8 24 17 
35 3 26 15 2 
36 6 15 5 28 8 24 22 
37 23 35 23 33 24 12 34 8 25 27 10 6 26 36 13 11 1 21 14 3 19 7 30 32 
38 9 25 31 26 20 8 34 33 15 18 
39 31 26 19 1 35 4 6 12 7 16 30 5 20 33 14 17 9 27 24 31 15 10 8 11 34 3 21 25 37 28 32 18 
40 19 32 24 4 2 28 38 3 13 33 22 12 6 29 17 8 36 15 9 14 
41 3 15 6 20 
42 13 18 38 34 36 23 35 20 30 17 2 5 31 14 
43 25 3 40 18 9 5 38 7 12 14 22 8 2 28 30 23 10 33 41 1 20 27 31 11 32 26 
44 42 30 20 25 4 5 32 7 31 43 19 9 27 8 37 12 40 35 34 6 39 10 42 23 18 36 13 26 1 22 2 29 3 33 17 38 41 14 24 16 21 15 28 
45 28 35 43 25 20 21 42 14 41 44 16 12 1 18 29 39 19 15 38 22 4 32 11 9 13 2 30 24 8 
46 30 42 7 28 17 31 35 10 1 40 43 3 27 6 26 18 24 25 34 37 8 30 29 39 36 19 33 45 11 20 21 
47 38 35 14 27 4 32 18 44 20 12 41 25 11 10 3 17 26 46 13 9 15 43 23 2 21 45 34 28 36 33 29 30 5 1 24 16 40 8 19 
48 22 29 45 33 4 44 2 25 43 9 3 34 32 13 11 7 27 18 37 42 28 47 14 
49 48 38 37 14 33 40 39 17 9 42 45 28 8 30 18 12 44 19 2 7 20 43 13 41 26 5 47 27 3 25 21 24 31 11 46 35 32 16 6 22 1 10 29 36 48 15 23 34 4 
50 45 39 27 5 10 23 31 46 8 18 25 20 21 48 3 9 7 15 30 38 29 2 43 13 6 36 47 14 28 44 4 33 11 1 16 17 34 32 49 24 40 12 42 35 22 45 
51 5 34 32 24 8 9 
52 23 1 23 21 36 14 3 8 15 18 44 33 41 49 31 27 24 2 11 45 37 32 5 46 
53 51 34 25 24 43 14 50 46 21 26 33 51 16 36 23 11 44 5 9 28 37 19 45 38 52 8 18 47 27 42 7 13 35 41 30 39 3 10 12 4 32 15 20 1 49 40 2 17 6 29 48 22 
54 47 42 50 33 34 5 53 32 43 1 51 21 20 15 16 49 45 6 40 23 19 22 35 17 7 14 36 38 44 13 31 52 9 18 12 26 8 47 39 24 41 2 29 25 27 11 3 46 
55 22 41 42 4 11 5 48 14 49 46 2 17 36 52 28 32 38 1 39 45 53 19 15 
56 25 16 2 18 45 55 5 44 31 34 19 15 48 20 47 14 11 3 26 6 4 10 30 46 23 8 
57 39 27 32 18 8 48 2 14 5 44 6 11 37 39 25 46 22 1 15 13 41 47 34 40 54 53 52 33 36 10 21 3 24 4 9 7 35 17 19 45 
58 31 9 21 47 3 16 37 53 23 15 12 7 49 22 8 56 31 36 28 19 48 10 43 20 55 30 26 32 39 45 42 51 
59 39 7 31 12 20 41 38 51 28 9 25 4 22 45 5 47 2 44 14 42 55 21 27 16 26 56 49 29 18 40 23 48 8 33 50 17 24 15 46 19 
60 32 59 28 55 33 41 40 50 57 8 36 26 10 51 54 5 23 19 25 2 4 18 29 27 58 24 52 56 48 3 9 44 38 
61 59 3 10 40 9 34 36 26 52 22 19 59 16 33 44 50 57 24 55 23 4 42 15 43 47 20 5 29 51 39 2 58 38 31 6 18 7 11 28 56 35 60 46 1 8 12 13 21 37 54 49 48 25 53 17 27 14 41 30 32 
62 46 11 34 24 1 52 19 58 13 37 14 33 15 61 36 28 35 7 21 2 38 27 12 26 47 31 3 17 43 49 57 39 56 23 6 9 16 46 22 8 41 48 20 54 53 45 44 
63 29 37 25 39 59 38 48 62 4 31 14 23 44 7 18 26 22 46 41 50 54 11 27 56 5 61 49 9 12 30 
64 8 51 10 45 29 44 31 3 32 
65 9 56 32 5 30 54 3 6 7 11 
66 39 58 7 6 57 40 14 32 4 8 45 52 64 65 27 19 23 2 28 36 46 63 62 29 42 31 21 11 48 37 47 18 9 56 43 50 22 60 59 54 
67 2 61 1 
68 6 54 64 61 7 18 41 
69 66 13 45 56 54 24 42 67 34 3 32 8 9 36 14 16 6 51 18 2 46 52 17 11 55 23 64 27 4 41 22 57 40 15 5 38 60 58 20 31 62 28 7 48 26 47 35 44 10 68 12 59 61 19 30 53 21 63 1 43 29 25 33 65 39 49 50 
70 31 44 68 4 40 21 7 37 23 64 9 1 39 65 28 17 10 55 46 22 57 58 51 3 43 6 60 53 62 63 36 67 
71 63 1 10 22 46 31 50 70 53 29 5 40 39 6 60 61 13 14 12 49 11 36 51 43 3 68 62 55 48 63 47 19 25 17 27 18 59 15 30 58 57 67 37 56 69 28 34 42 4 21 32 66 64 33 38 35 26 8 41 52 9 7 54 65 
72 21 68 37 47 20 30 67 41 60 43 13 36 40 44 26 32 15 27 8 56 34 54 
73 36 55 33 56 35 2 17 1 42 22 69 12 45 71 16 25 62 61 11 65 51 43 66 9 59 21 4 44 72 37 68 49 28 57 39 26 60 
74 20 65 29 37 35 7 57 54 28 67 9 43 17 41 39 56 5 62 30 50 61 
75 30 53 44 6 46 45 52 35 27 63 1 58 55 17 73 60 36 71 37 5 51 48 10 25 19 31 7 12 23 67 54 
76 61 16 50 10 74 45 55 40 30 6 53 44 46 8 18 21 19 24 39 75 32 49 37 2 57 1 67 28 38 11 52 70 29 66 7 35 3 41 31 73 25 15 43 48 65 47 27 17 26 4 9 54 61 42 22 34 62 13 69 14 36 33 
77 52 15 14 12 31 50 69 62 76 71 41 58 49 65 45 75 46 3 39 38 22 1 23 7 32 70 73 56 57 48 13 64 30 63 10 59 72 18 6 19 42 21 68 51 52 36 43 5 47 37 35 9 25 
78 68 12 62 69 51 60 39 72 29 50 77 18 26 54 7 27 71 65 37 14 17 11 5 33 45 35 58 61 2 56 68 75 13 52 28 76 8 34 74 73 41 22 15 4 31 44 43 25 64 48 16 46 21 40 47 3 38 24 59 36 30 66 49 20 67 10 6 1 23 
79 65 23 4 35 50 32 62 17 16 3 77 21 57 2 31 7 55 64 67 8 25 78 42 33 20 27 73 45 61 24 52 76 49 10 26 47 68 70 65 22 29 12 1 40 69 34 46 58 5 74 54 43 14 19 9 60 28 48 63 75 15 30 44 11 72 66 
80 43 43 46 74 10 25 64 29 66 48 52 33 4 3 38 69 32 56 44 73 78 63 40 22 62 67 59 37 71 24 75 1 17 8 72 60 15 6 12 5 20 9 2 53 

100 90
2 1 3
3 1 4
4 1 5
5 1 6
6 1 7
7 1 8
8 1 9
9 1 10
10 1 11
11 1 12
12 1 13
13 1 14
14 1 15
15 1 16
16 1 17
17 1 18
18 1 19
19 1 20
20 1 21
21 1 22
22 1 23
23 1 24
24 1 25
25 1 26
26 1 27
27 1 28
28 1 29
29 1 30
30 1 31
31 1 32
32 1 33
33 1 34
34 1 35
35 1 36
36 1 37
37 1 38
38 1 39
39 1 40
40 1 41
41 1 42
42 1 43
43 1 44
44 1 45
45 1 46
46 1 47
47 1 48
48 1 49
49 1 50
50 1 51
51 1 52
52 1 53
53 1 54
54 1 55
55 1 56
56 1 57
57 1 58
58 1 59
59 1 60
60 1 61
61 1 62
62 1 63
63 1 64
64 1 65
65 1 66
66 1 67
67 1 68
68 1 69
69 1 70
70 1 71
71 1 72
72 1 73
73 1 74
74 1 75
75 1 76
76 1 77
77 1 78
78 1 79
79 1 80
80 1 81
81 1 82
82 1 83
83 1 84
84 1 85
85 1 86
86 1 87
87 1 88
88 1 89
89 1 90
90 1 91
91 1 92

96 55
62 8 76 71 73 89 65 95 84 70
61 9 80 63 93 88 64 95 76 86 70
60 7 74 64 63 95 82 70 80
59 8 95 83 76 78 79 94 74 90
58 7 71 92 69 75 84 87 66
57 9 82 95 66 72 77 85 76 75 62
56 5 81 95 83 85 77
55 6 70 86 94 95 68 60
54 9 57 72 87 80 90 79 71 78 65
53 7 61 71 58 73 91 55 77
52 8 80 68 74 60 67 56 82 71
51 8 93 74 58 80 78 73 64 53
50 2 57 60
49 5 58 96 50 51 83
48 8 85 74 94 78 63 86 87 62
47 2 94 52
46 2 82 92
45 5 83 49 61 85 69
44 6 70 74 87 56 75 57
43 3 87 63 51
42 5 63 75 44 83 59
41 2 88 86
40 4 54 89 86 79
39 4 73 43 45 66
32 4 73 79 45 46
31 3 65 45 32
30 4 32 70 96 92
29 5 80 64 58 72 56
28 3 50 47 67
27 8 48 40 70 62 93 37 66 50
26 2 37 59
25 4 26 75 52 83
24 7 91 59 84 90 56 27 92
23 5 24 34 40 93 81
22 5 42 57 52 83 34
21 9 72 60 84 31 77 86 64 76 56
20 2 76 37
19 3 28 40 86
18 7 39 28 37 34 86 53 21
17 2 64 31
16 7 35 80 79 23 92 25 43
15 5 96 75 54 27 68
14 3 93 31 46
13 6 44 19 86 31 73 32
12 2 78 92
11 5 15 21 32 18 25
10 1 56
9 1 32
8 4 75 54 22 86
7 6 68 58 30 40 55 94
6 8 54 88 63 76 45 13 78 70
5 4 15 66 37 42
4 8 8 41 29 76 17 11 46 55
3 9 45 21 19 56 68 67 91 30 66
2 2 45 57

82 62
5 1 2 
6 4 4 2 5 1 
7 3 6 1 4 
8 6 2 6 3 5 1 4 
9 4 6 3 1 7 
10 8 9 2 4 8 3 6 7 5 
11 5 10 4 1 2 5 
12 8 3 5 8 7 4 9 6 11 
13 11 12 9 2 1 10 11 8 7 4 3 5 
14 8 9 5 6 12 1 2 7 11 
15 14 10 11 13 1 7 3 14 9 8 5 4 6 12 2 
16 12 13 3 4 6 14 7 9 5 2 1 10 15 
17 8 14 15 12 6 13 4 16 1 
18 13 17 14 12 4 9 10 3 13 2 15 5 1 7 
19 17 7 1 5 15 13 9 4 17 8 6 12 16 3 10 11 14 18 
20 4 13 7 5 18 
21 17 17 18 13 15 12 14 16 20 3 5 1 9 19 11 10 2 6 
22 3 11 8 3 
23 20 4 12 2 14 13 5 9 16 18 19 21 6 11 17 10 20 8 7 3 22 
24 7 17 15 6 9 20 5 13 
25 19 22 2 6 17 13 11 15 12 5 3 9 4 23 8 1 14 10 16 19 
26 3 7 9 12 
27 14 23 3 5 7 14 9 20 4 1 24 19 6 18 22 
28 14 21 10 7 20 11 23 4 26 13 16 24 9 18 25 
29 2 19 23 
30 16 13 24 18 17 23 12 25 28 6 4 15 9 7 3 27 11 
31 24 24 6 12 8 27 14 18 10 23 17 9 25 7 11 20 30 4 1 13 15 21 3 22 2 
32 11 13 27 14 23 28 26 12 11 3 9 1 
33 5 20 11 28 22 32 
34 24 12 1 28 24 19 32 23 31 22 21 20 27 16 29 30 3 25 18 8 4 26 33 11 10 
35 14 18 29 22 6 32 27 21 34 14 20 28 11 23 24 
36 7 20 28 25 14 16 26 1 
37 34 21 24 8 30 1 16 14 29 35 5 19 10 2 13 22 25 9 3 31 6 7 18 26 32 34 17 15 12 27 11 23 36 33 28 
38 11 5 34 24 4 13 11 28 16 37 6 27 
39 18 32 36 23 33 16 19 21 4 8 13 35 17 29 31 3 24 6 2 
43 15 36 8 14 38 28 33 20 6 40 31 25 21 7 11 29 
44 8 5 19 17 34 15 26 20 11 
45 43 12 34 40 14 20 11 22 32 21 44 15 31 17 1 24 7 6 41 18 19 13 42 9 26 8 38 3 28 43 39 29 23 30 4 25 35 33 37 27 16 5 36 2 
46 45 4 40 13 42 16 34 1 28 9 21 32 33 43 26 2 17 35 11 39 23 6 41 30 10 12 31 29 5 37 14 8 27 15 45 38 7 22 44 24 25 18 19 3 20 36 
47 23 6 42 26 40 41 25 7 33 46 14 24 30 37 1 21 16 15 17 8 39 34 27 18 
48 25 45 41 7 11 40 46 33 9 14 29 30 37 43 3 32 24 31 22 42 13 44 10 34 8 20 
49 31 12 25 3 39 11 36 41 48 18 19 5 22 24 7 44 34 20 6 38 8 10 28 2 47 32 14 21 31 30 40 9 
50 49 46 7 13 14 12 27 36 30 48 1 4 40 3 28 6 10 47 45 17 41 38 37 20 21 35 33 16 18 23 22 24 42 26 9 2 34 43 49 31 19 39 25 11 29 32 5 44 15 8 
51 11 19 5 8 32 23 41 35 4 6 38 11 
52 48 5 34 35 28 30 36 8 51 11 16 20 2 10 41 14 26 38 29 48 45 27 24 22 46 33 17 42 19 15 4 43 12 21 47 37 23 1 49 32 50 31 25 39 44 40 9 13 18 
53 25 17 15 37 5 40 33 47 27 43 11 22 13 19 49 9 26 50 24 7 45 51 4 2 8 44 
54 44 22 11 15 48 3 49 39 28 52 34 2 36 35 45 16 42 43 17 10 29 14 47 26 18 51 50 1 19 21 23 53 46 37 4 5 30 27 6 7 9 25 20 38 12 
55 25 23 22 2 28 37 49 7 54 17 35 27 1 30 9 4 18 11 47 53 10 34 36 43 45 33 
56 14 54 39 9 41 23 34 42 26 7 1 4 22 17 16 
57 7 6 24 2 12 37 5 53 
58 54 45 29 13 33 4 49 50 35 2 18 40 51 9 26 25 32 37 53 14 27 46 48 7 24 11 15 3 43 44 39 22 34 57 20 47 17 10 31 8 23 52 36 21 6 19 30 55 56 54 1 38 5 42 41 
59 36 25 39 49 19 24 48 18 3 17 21 2 20 13 38 54 32 44 37 31 58 50 41 56 40 29 33 51 14 9 12 15 6 30 8 43 7 
60 8 51 56 35 42 25 45 13 20 
61 26 20 1 17 31 13 54 53 52 14 18 5 8 28 25 37 16 42 11 36 33 21 6 12 44 46 51 
62 25 29 28 8 58 41 15 10 46 35 9 20 11 14 18 61 31 1 56 21 17 12 43 19 48 33 
63 40 22 12 33 28 23 40 41 10 29 20 17 16 13 32 27 46 51 2 59 38 44 7 47 48 57 43 54 36 35 37 21 6 24 55 56 30 62 15 9 45 
64 21 13 44 38 51 45 19 52 34 48 63 6 46 16 31 12 61 59 36 3 58 15 
65 61 21 32 56 40 42 5 2 17 27 63 10 31 23 25 6 7 41 18 26 19 38 35 57 36 58 46 39 64 11 49 28 24 61 29 60 3 47 44 45 53 15 4 13 48 22 34 20 30 50 9 51 54 1 14 62 37 52 16 59 33 12 
66 9 43 7 57 29 34 52 6 59 20 
67 52 30 58 12 65 28 44 7 3 64 6 59 35 5 45 24 32 31 19 23 16 21 18 57 47 33 4 10 62 52 50 14 13 40 41 55 20 53 42 2 27 11 51 46 43 54 38 17 48 49 26 22 34 
68 6 57 7 28 34 9 39 
69 4 36 41 33 55 

78 50
2 1 1 
3 2 2 1 
4 1 1 
5 3 4 3 1 
6 3 3 5 4 
7 4 1 4 6 5 
8 1 7 
9 6 2 5 1 8 3 6 
10 1 5 
11 10 4 5 8 1 7 2 9 3 6 10 
12 7 3 9 6 8 5 11 4 
13 9 1 3 12 6 4 11 7 10 8 
14 10 8 5 10 2 4 9 3 1 12 7 
15 5 13 1 6 11 5 
16 10 5 14 4 2 6 15 9 1 8 11 
17 13 11 6 10 15 9 14 5 2 4 3 13 12 7 
18 12 5 15 6 13 7 2 14 9 10 8 4 1 
19 1 6 
20 18 8 9 3 12 2 16 1 6 19 14 4 7 18 11 17 13 15 5 
21 16 9 7 18 16 6 10 3 5 17 14 15 12 1 20 8 19 
22 9 10 21 20 3 14 9 12 15 13 
23 16 18 11 2 8 17 13 22 9 6 5 1 3 15 14 4 16 
24 13 20 6 2 12 4 10 7 3 9 21 23 19 14 
25 16 9 19 12 4 6 14 13 21 23 11 2 3 8 7 22 10 
26 9 12 11 9 14 21 13 24 10 23 
27 24 18 10 14 2 19 20 23 6 3 11 16 24 26 5 4 9 25 13 15 1 22 12 17 21 
28 22 3 18 23 12 7 6 17 4 5 26 24 25 22 10 16 19 13 1 20 21 27 2 
29 21 15 18 17 20 28 4 9 24 16 19 25 3 8 7 21 12 6 11 13 14 2 
30 28 17 27 5 21 29 19 4 25 7 23 1 24 2 10 28 6 11 8 22 3 9 12 18 20 26 14 13 15 
31 5 13 21 19 22 10 
32 9 18 14 1 29 25 9 28 27 11 
33 6 13 3 31 12 26 18 
34 25 26 3 21 11 12 20 9 19 4 8 30 13 22 2 28 16 17 14 25 15 27 7 5 6 24 
35 16 17 12 4 33 7 21 28 32 16 9 26 6 8 1 5 22 
36 31 22 34 7 15 1 9 35 25 23 5 19 31 24 26 16 10 4 32 3 12 20 8 6 29 33 30 11 14 28 27 17 
37 34 16 31 25 33 6 28 32 22 8 13 15 14 34 18 3 1 24 36 30 29 23 26 19 7 27 10 9 2 17 12 35 5 4 21 
38 14 34 27 18 32 2 31 13 20 19 12 6 7 1 11 
39 34 36 32 34 3 23 16 15 24 31 20 12 22 17 26 7 5 25 14 37 18 21 33 27 11 9 4 6 2 35 8 29 10 1 38 
40 9 10 2 38 7 12 28 36 15 16 
41 1 11 
42 11 31 22 32 10 11 30 4 15 3 14 19 
43 25 6 19 34 7 8 20 24 15 30 11 33 2 26 37 25 17 21 5 9 42 4 14 39 10 28 
44 32 42 26 28 27 36 1 17 32 39 8 43 20 5 10 11 7 35 15 2 18 22 3 23 19 6 16 4 12 24 29 33 40 
45 16 27 14 30 29 21 3 13 38 33 41 43 20 39 28 9 42 
46 26 10 20 2 31 44 37 25 27 11 30 6 9 29 3 17 22 35 43 15 19 39 16 4 24 34 33 
47 38 45 5 18 9 43 17 27 39 25 22 26 37 8 16 41 38 29 14 23 44 21 7 30 31 36 40 32 4 2 12 13 19 20 1 42 10 6 15 
48 39 40 32 34 2 16 33 15 25 41 36 31 43 35 28 27 11 24 45 42 17 18 21 39 29 8 23 6 12 37 46 4 9 30 19 20 14 44 3 38 
49 21 28 42 29 30 20 40 21 43 17 2 15 18 32 8 7 6 31 39 10 4 13 
50 46 6 36 25 20 23 39 3 27 7 46 5 16 43 9 2 26 10 21 29 14 47 35 37 31 30 24 49 34 13 17 32 8 38 40 15 41 19 1 11 42 44 18 12 22 48 4 
51 32 39 42 38 21 7 48 34 41 49 47 46 18 24 3 22 28 44 35 45 11 13 29 30 20 40 8 33 25 5 1 36 43 

77 57
63 9 66 77 73 69 72 64 74 70 65
62 7 63 69 73 75 70 68 65
61 2 74 75
60 2 65 67
59 6 60 72 75 76 66 68
58 5 69 74 70 63 67
57 3 67 65 77
56 2 58 71
55 8 56 71 75 58 70 68 63 64
54 9 62 72 59 75 56 64 70 57 69
53 9 66 73 77 71 76 64 65 69 59
47 1 53
46 6 70 50 51 68 57 58
45 1 50
44 7 69 74 62 46 59 64 47
43 6 64 50 45 62 76 47
42 4 43 50 49 58
41 1 67
40 5 59 72 62 73 52
39 3 71 70 58
38 4 43 73 53 44
37 9 55 52 72 40 39 76 73 66 42
36 2 61 41
35 8 36 70 37 49 50 77 68 67
34 6 38 50 53 76 35 37
33 1 58
32 6 66 60 75 53 41 56
31 2 33 35
30 2 42 76
29 3 52 31 32
28 5 67 40 43 66 70
27 9 66 55 62 68 58 49 51 74 33
26 2 28 64
25 8 51 63 71 47 27 68 74 56
24 4 64 76 28 74
23 3 64 65 49
22 4 47 60 44 23
21 6 64 35 40 54 58 53
20 9 75 31 25 34 55 41 45 77 32
19 8 40 45 47 25 51 77 37 33
18 3 61 49 64
17 9 56 20 69 30 66 38 63 36 72
16 3 27 70 60
15 2 49 34
14 4 25 27 75 41
13 7 59 61 17 30 66 74 53
12 1 50
11 9 72 54 53 36 47 12 71 73 52
10 5 54 20 53 48 13
9 2 18 63
8 3 48 34 51
7 4 53 56 73 13
6 6 22 38 28 47 11 31
5 8 9 15 30 60 38 61 45 56
4 3 37 65 56
3 7 42 32 12 48 24 68 31
2 9 5 21 31 69 57 61 58 77 60

91 64
65 5 90 89 79 71 75
64 6 80 69 87 85 75 82
63 2 82 89
62 7 91 78 89 66 71 90 80
61 9 89 81 75 74 80 87 90 77 65
60 8 68 71 86 88 76 81 87 69
59 2 66 69
58 4 63 84 77 87
57 9 79 82 68 75 87 84 70 63 85
56 4 90 58 74 64
55 7 77 68 79 59 71 69 85
54 8 60 55 62 84 68 80 73 91
53 8 65 54 62 67 57 61 73 64
52 3 75 56 84
51 7 55 72 65 73 75 76 59
50 1 67
49 6 81 53 58 88 63 90
48 3 54 55 70
47 2 60 89
46 2 74 66
45 1 74
44 3 88 60 65
43 5 45 78 69 80 90
42 9 87 68 55 51 89 82 79 70 75
41 4 76 81 50 87
40 9 81 86 50 46 53 73 76 84 74
39 4 46 66 45 43
38 2 59 62
37 1 78
36 3 80 40 86
35 8 61 82 73 39 59 66 56 80
34 1 52
33 6 77 56 39 75 47 76
32 8 79 56 83 81 67 75 61 89
31 5 44 51 66 39 38
30 9 37 41 39 61 42 78 58 65 56
29 7 64 44 77 88 74 50 51
28 5 69 74 63 29 86
27 5 36 79 85 39 78
26 9 62 51 45 33 74 68 40 69 79
25 1 54
24 9 33 57 40 43 66 34 41 77 31
23 2 77 43
22 4 86 49 87 37
21 5 36 80 54 39 69
20 5 62 54 30 57 26
19 5 42 41 27 37 89
18 4 31 86 52 25
17 9 46 19 41 61 48 62 54 59 70
16 5 65 25 84 35 66
15 1 31
14 3 67 15 75
13 4 86 87 89 38
12 4 85 68 23 40
11 8 55 43 83 46 42 61 45 63
10 4 46 36 67 78
9 5 40 45 30 72 27
8 2 31 17
7 6 70 53 79 64 90 84
6 1 26
5 1 32
4 6 7 14 51 5 42 82
3 2 58 36
2 2 15 84

24 9
2 1 22 
3 2 6 16 
4 3 11 10 22 
5 4 11 7 21 4 
6 4 7 15 21 8 
7 3 22 2 11 
8 6 16 22 7 20 19 15 
9 4 1 17 24 2 
10 2 12 9 
