47 6
18 6 24 12 30 1 26 25 
31 4 24 39 25 41 
35 6 11 2 7 10 18 12 
25 3 1 26 24 
34 12 1 2 41 4 12 18 11 7 9 25 28 35 
24 2 30 1 

21 3
16 8 18 14 7 10 6 9 17 13 
14 1 17 
20 4 7 18 6 17 

91 12
45 11 4 65 48 28 84 61 66 70 30 17 83 
89 11 66 23 62 49 60 72 63 43 83 30 5 
60 4 48 70 61 4 
66 5 75 48 70 4 60 
88 12 83 48 42 28 41 84 58 69 40 61 65 39 
12 14 88 69 62 63 58 72 84 17 3 43 1 4 23 45 
5 3 48 66 75 
40 6 81 60 75 70 83 37 
8 3 28 81 65 
58 5 75 28 66 45 3 
47 14 77 43 32 5 65 40 31 83 84 58 60 27 3 61 
34 2 3 45 

67 5
40 4 41 15 45 21 
48 1 37 
65 12 54 25 26 51 12 45 21 36 37 1 30 62 
61 11 43 54 26 64 40 52 46 44 47 15 51 
2 5 15 21 41 51 45 

53 8
42 1 14 
3 4 30 4 20 43 
1 4 47 36 48 20 
33 11 48 9 47 28 23 50 20 42 32 15 4 
4 2 43 11 
10 7 11 42 28 14 46 2 47 
20 3 2 14 11 
31 12 3 32 23 9 48 42 4 11 18 43 36 15 

52 5
6 3 48 9 34 
38 4 34 50 9 48 
16 11 49 15 11 26 6 9 2 24 37 48 34 
24 10 43 12 9 8 49 50 38 13 23 6 
22 9 18 50 31 30 23 34 38 43 48 

97 9
28 7 11 43 65 31 17 58 32 
55 14 80 50 32 86 95 43 61 11 28 92 14 67 88 59 
94 2 30 73 
89 14 66 61 75 59 53 73 33 54 96 1 51 32 15 37 
51 8 31 29 87 43 14 59 65 28 
67 2 59 32 
92 5 52 65 18 28 43 
1 11 50 17 10 31 15 11 73 93 77 41 96 
56 16 77 22 29 17 74 92 53 87 35 50 58 86 93 67 80 31 

75 9
42 2 29 58 
54 3 73 26 74 
28 6 9 30 38 7 58 6 
17 11 25 6 12 51 58 7 38 55 32 37 47 
46 10 9 58 34 47 17 69 6 66 38 30 
68 15 12 42 38 60 7 44 29 37 27 63 17 35 30 25 55 
32 4 30 58 47 29 
55 4 58 47 9 7 
70 7 34 51 74 32 73 35 20 

93 7
39 9 37 48 65 38 86 61 58 54 40 
89 14 67 83 54 30 39 65 78 28 47 86 48 37 32 61 
76 12 28 38 77 62 61 85 53 4 86 72 2 55 
54 1 61 
51 5 86 61 54 65 48 
34 4 89 28 12 86 
28 8 58 86 48 51 38 32 61 65 

42 6
9 10 7 13 24 14 37 35 33 29 39 28 
3 6 26 37 33 12 24 40 
33 6 37 24 40 1 26 13 
35 5 8 26 3 37 6 
15 11 37 18 12 13 8 23 28 33 3 6 10 
23 10 18 14 6 20 39 10 37 13 35 29 

81 11
52 1 28 
29 8 1 78 62 9 61 22 64 45 
31 4 62 61 1 64 
22 1 64 
49 17 43 63 22 40 21 14 77 78 8 4 19 60 51 12 55 9 16 
69 4 9 14 62 61 
61 6 22 78 64 1 9 43 
55 11 63 14 22 43 34 51 1 62 75 45 28 
14 2 43 40 
32 12 27 62 29 54 36 69 60 28 9 31 64 40 
16 9 1 62 28 43 14 78 61 45 64 

79 7
67 5 43 78 29 13 70 
35 9 7 70 75 69 71 30 44 4 36 
74 13 38 43 7 36 13 23 32 22 30 75 44 47 71 
69 4 71 36 32 4 
12 1 22 
30 6 36 29 71 69 14 4 
9 10 75 74 24 14 21 67 1 30 23 35 

70 3
24 9 62 33 23 28 12 25 11 48 49 
7 4 17 68 53 21 
43 2 53 54 

32 6
25 9 7 12 29 9 31 11 23 26 10 
14 9 12 16 23 17 29 7 11 1 13 
4 8 11 14 27 29 6 12 23 13 
23 7 10 1 11 16 6 27 13 
1 3 6 11 13 
31 3 13 23 27 

60 1
51 10 48 35 31 11 25 4 30 26 33 36 

81 10
66 13 64 47 23 34 78 72 67 28 53 1 25 60 48 
27 14 51 48 54 68 19 23 22 65 60 39 16 41 11 69 
68 1 51 
28 5 22 79 51 41 68 
34 10 27 1 45 28 69 6 79 22 47 68 
50 13 72 54 67 49 29 62 34 65 6 23 19 63 11 
7 14 37 6 45 67 47 41 1 22 34 27 29 9 31 54 
47 13 48 8 11 19 41 1 51 69 65 68 39 22 53 
32 4 23 28 53 27 
4 5 1 23 65 54 48 

39 6
4 10 18 8 25 3 10 34 13 24 22 36 
8 2 13 24 
5 4 36 18 10 17 
36 4 13 25 8 3 
16 9 3 8 18 26 25 36 24 38 13 
3 3 25 24 13 

37 1
33 6 36 20 7 23 35 9 

60 16
18 5 37 10 4 47 16 
9 8 30 16 1 24 4 52 13 10 
27 11 19 47 15 9 30 59 52 10 24 53 1 
45 1 4 
32 1 51 
19 3 45 4 37 
20 15 30 51 41 37 13 10 27 15 9 59 16 54 7 47 33 
26 7 10 13 37 4 19 30 45 
53 8 1 30 4 54 45 9 33 16 
33 5 1 37 30 19 10 
51 2 45 54 
16 7 30 10 4 19 26 45 37 
49 9 30 41 53 52 19 45 26 1 5 
35 14 12 59 7 15 2 20 10 44 18 53 19 5 47 43 
15 9 37 4 26 54 19 9 53 24 13 
44 8 59 47 9 10 4 52 30 19 

21 4
3 6 19 7 9 4 1 5 
7 1 15 
4 5 5 7 15 12 19 
10 3 12 8 15 

62 10
31 16 19 18 26 22 39 40 11 51 14 52 21 29 16 43 32 7 
7 8 53 1 58 26 21 60 11 9 
9 3 58 43 21 
29 7 1 28 7 9 60 18 53 
55 14 52 51 39 29 37 60 19 32 2 34 14 9 21 11 
12 7 28 43 60 58 21 11 53 
16 11 7 14 26 60 11 53 52 12 28 10 39 
51 2 22 9 
2 6 60 26 28 12 9 1 
60 5 9 21 1 43 53 

94 18
66 8 60 83 86 6 41 55 32 48 
65 8 55 33 13 85 23 39 48 11 
54 13 41 85 71 84 33 40 6 11 80 93 60 4 87 
78 7 19 9 85 33 65 48 14 
79 8 60 23 7 11 32 55 24 5 
71 13 76 39 57 48 55 86 4 13 32 80 6 83 27 
49 11 55 41 48 6 35 62 28 57 4 60 32 
30 8 27 41 36 5 9 66 83 53 
16 3 41 27 32 
43 10 33 5 23 41 87 7 32 35 16 13 
67 7 68 11 35 13 32 8 21 
60 1 32 
85 5 35 49 33 27 22 
28 12 33 62 57 83 60 86 66 80 4 41 6 55 
83 5 6 41 32 60 86 
40 5 27 71 32 11 21 
84 6 93 55 80 21 57 73 
11 10 28 71 62 41 51 32 6 55 60 27 

32 7
6 5 23 19 1 17 29 
17 3 1 19 28 
20 3 1 19 28 
13 4 4 18 19 21 
7 8 23 4 18 13 19 21 1 12 
31 2 28 20 
23 6 17 4 28 18 1 20 

83 10
41 1 9 
39 13 71 24 33 42 82 53 62 26 52 36 56 48 44 
54 9 70 33 24 2 78 28 82 34 53 
71 2 28 33 
3 6 56 64 70 26 12 63 
18 11 24 12 70 9 3 1 48 53 62 47 71 
46 9 8 2 41 36 47 28 78 62 69 
44 1 64 
42 8 15 28 63 33 48 62 64 11 
52 3 28 33 63 

79 7
4 9 26 77 49 16 23 45 52 31 58 
9 2 31 77 
3 10 38 33 60 29 54 44 45 31 36 16 
41 10 1 15 60 38 77 29 56 49 2 54 
63 8 10 77 44 16 13 54 15 71 
36 6 1 56 10 31 71 77 
26 5 31 10 1 2 60 

65 7
45 1 20 
1 15 45 31 25 17 60 28 5 42 50 15 44 39 2 41 56 
29 16 55 46 30 42 26 62 14 48 31 22 56 19 6 2 33 25 
40 14 33 62 44 42 22 30 55 5 20 27 49 39 50 36 
49 11 19 30 2 22 48 25 11 6 31 42 54 
55 4 31 60 44 45 
31 8 41 5 25 30 54 42 6 2 

51 7
33 9 32 17 41 16 13 38 50 43 34 
47 1 20 
50 8 34 28 43 47 38 23 16 17 
23 8 46 32 38 17 43 47 34 20 
15 8 43 32 34 49 38 50 17 13 
46 3 43 47 20 
8 11 15 38 37 34 47 43 28 39 23 20 21 

44 8
29 4 5 43 1 24 
14 10 20 13 18 11 4 1 24 15 34 32 
15 3 34 1 11 
28 4 18 37 5 1 
34 4 18 24 5 37 
32 6 37 6 20 18 24 29 
11 7 37 34 1 24 5 39 28 
17 12 33 37 4 15 18 32 6 11 42 9 39 29 

72 4
4 11 6 60 10 67 65 61 24 1 39 44 11 
45 14 11 23 60 4 5 2 6 55 61 40 20 68 21 25 
55 12 24 64 57 42 63 61 7 60 44 51 1 65 
50 10 21 60 44 10 57 7 11 65 6 67 

25 8
15 5 20 19 1 17 16 
22 11 3 16 17 6 19 7 20 8 13 4 14 
23 8 3 14 16 10 17 4 13 6 
7 4 4 6 20 19 
4 4 19 6 13 8 
3 5 19 16 4 6 14 
14 6 19 4 16 8 20 13 
10 8 14 16 6 17 7 13 19 20 

60 1
23 1 22 

51 13
2 6 22 37 8 14 34 43 
44 7 8 43 22 14 28 38 47 
30 7 38 37 43 8 22 34 14 
13 12 37 5 22 43 27 31 34 18 33 30 44 8 
17 2 18 34 
1 5 47 18 28 13 3 
42 2 12 18 
32 3 31 37 22 
5 5 8 31 47 17 33 
28 6 30 34 14 8 43 33 
38 3 8 14 34 
33 8 31 8 34 37 30 2 18 14 
47 3 8 34 37 

16 3
15 4 12 1 6 13 
2 7 12 6 4 1 15 7 13 
14 7 7 6 15 1 4 12 13 

57 17
37 3 7 54 21 
46 5 41 9 44 39 30 
21 1 8 
36 12 39 8 37 45 7 29 46 30 25 54 31 32 
44 3 54 8 7 
45 13 39 46 42 54 14 9 8 7 41 44 30 52 31 
39 1 19 
56 2 52 30 
9 2 19 44 
30 11 41 8 54 44 19 31 7 39 21 42 9 
28 3 14 41 19 
29 10 21 14 31 9 39 19 54 52 42 44 
1 7 54 19 37 36 52 8 46 
12 9 43 42 4 54 20 16 24 44 7 
27 9 54 25 52 31 7 56 29 9 42 
19 5 41 21 7 8 54 
16 13 37 25 54 46 20 44 14 39 29 56 21 7 31 

13 2
7 3 3 4 9 
5 5 11 4 9 3 7 

11 1
9 3 5 1 8 

33 2
14 4 32 19 1 30 
11 4 2 30 19 28 

86 8
22 14 68 1 50 83 30 21 29 80 73 8 72 41 9 24 
80 1 32 
7 11 79 43 4 10 67 17 22 39 8 29 61 
65 15 58 10 40 75 51 13 32 43 29 72 82 24 25 41 42 
73 5 50 69 32 51 80 
39 8 80 75 69 72 32 50 24 73 
72 4 51 32 50 80 
68 5 80 50 32 72 73 

95 4
14 1 86 
65 16 90 53 41 49 30 37 78 64 34 40 69 62 74 7 87 6 
64 8 35 42 10 47 75 70 49 36 
51 11 67 25 47 14 7 23 53 60 56 90 41 

26 3
3 11 25 20 15 5 22 17 18 1 8 16 11 
25 2 15 16 
22 1 16 

93 12
87 5 91 62 26 37 78 
84 13 91 87 78 16 65 29 62 57 80 77 86 32 60 
60 5 26 91 62 28 37 
53 9 14 10 52 51 16 77 57 37 4 
45 7 91 20 32 16 37 4 33 
37 1 91 
50 6 35 49 6 78 74 91 
32 3 77 37 26 
75 6 37 82 35 19 83 74 
34 3 57 28 78 
57 8 65 37 87 91 33 86 26 77 
20 11 33 60 77 87 28 29 74 91 10 32 48 

28 4
3 3 8 26 14 
2 7 8 14 4 15 3 10 26 
1 7 15 8 4 14 6 3 26 
21 3 6 25 8 

79 7
19 5 36 67 65 13 75 
14 17 61 75 39 19 13 50 63 23 2 29 69 71 38 35 22 68 8 
23 12 18 49 55 71 65 60 78 28 38 9 13 24 
69 9 78 65 38 63 75 28 60 18 36 
24 3 55 11 71 
18 4 38 36 75 78 
70 17 17 61 16 28 51 55 50 26 71 23 75 52 36 34 39 18 63 

36 7
33 1 23 
18 1 5 
21 2 33 22 
35 12 20 23 32 33 10 11 3 18 21 2 16 9 
10 12 11 20 22 2 32 9 31 23 8 21 29 3 
7 11 31 33 11 29 8 6 21 22 9 3 23 
17 12 21 20 9 33 7 31 10 5 29 22 11 3 

68 7
51 12 55 28 58 42 24 6 8 48 18 52 56 1 
24 3 40 8 58 
21 5 56 18 24 8 45 
53 7 48 59 28 24 16 4 42 
61 13 39 4 49 14 44 52 6 8 59 1 30 48 50 
9 9 22 16 38 18 28 53 67 25 13 
14 8 8 40 58 6 21 38 13 28 

23 7
9 4 19 10 17 21 
5 6 16 10 21 7 17 19 
12 9 19 21 8 17 7 5 9 16 2 
2 6 5 17 7 19 10 16 
20 10 8 2 10 12 7 19 17 16 9 5 
3 4 6 17 7 10 
8 4 10 17 7 21 

46 6
19 2 45 7 
22 2 7 16 
14 7 39 4 30 27 45 5 7 
33 10 4 11 27 14 30 5 39 37 7 19 
11 2 16 7 
39 5 7 11 22 4 27 

21 2
18 3 2 11 7 
2 1 11 

91 10
77 2 41 37 
27 11 90 87 40 66 77 35 24 74 14 49 56 
63 5 2 34 35 17 75 
35 5 41 8 62 66 54 
50 8 2 24 75 41 27 56 37 70 
61 8 86 54 64 2 87 88 77 31 
76 15 40 2 15 8 24 41 56 87 9 27 14 66 74 84 75 
32 10 90 37 35 87 77 14 62 56 36 54 
24 4 62 36 37 90 
16 9 84 62 32 74 24 90 56 40 41 

16 3
8 5 10 2 4 14 7 
6 5 14 4 7 2 10 
7 1 2 

66 14
17 8 56 63 1 22 55 37 42 7 
64 5 27 18 32 50 60 
22 6 37 56 35 63 1 7 
5 2 49 21 
62 4 35 63 1 22 
44 6 7 42 63 1 37 35 
38 7 48 61 46 7 21 33 42 
26 13 4 51 15 16 28 18 49 48 25 22 7 63 52 
35 2 1 56 
4 1 38 
55 4 56 22 42 63 
27 14 7 62 56 17 9 20 35 46 42 1 21 52 60 49 
42 5 35 37 63 56 1 
51 6 1 61 9 62 37 48 

90 12
66 4 63 33 1 86 
78 1 79 
1 9 5 57 24 81 54 82 18 39 27 
83 6 27 57 39 24 18 82 
86 5 1 38 5 18 47 
5 1 82 
46 8 55 8 58 42 13 81 78 82 
81 6 82 5 24 57 27 39 
47 7 83 27 1 63 24 39 18 
69 2 24 5 
2 6 22 24 83 55 78 69 
4 6 1 63 47 24 39 31 

25 5
15 6 13 14 6 24 7 10 
16 7 24 7 13 2 6 5 14 
12 11 6 10 14 13 24 1 15 17 16 7 23 
23 7 6 24 10 17 7 1 2 
14 4 1 2 24 10 

26 5
12 1 15 
8 5 23 15 7 17 24 
6 3 7 24 17 
19 7 7 5 21 24 12 6 17 
15 2 17 24 

30 2
24 3 29 16 25 
18 11 24 25 28 26 12 16 27 29 19 13 22 

59 4
19 2 22 38 
27 1 55 
13 5 51 52 23 6 55 
15 9 17 30 27 51 21 29 20 36 35 

21 4
1 5 7 5 17 4 18 
7 1 4 
20 6 2 4 5 7 17 12 
6 6 8 7 12 5 18 1 

70 5
26 11 5 16 58 64 11 17 13 36 62 45 30 
6 4 30 19 55 17 
47 8 26 22 15 7 39 64 10 24 
60 8 28 35 13 50 10 40 55 31 
38 1 45 

14 2
1 3 12 6 9 
12 1 6 

10 2
7 1 4 
3 1 2 

87 18
4 7 40 80 11 70 32 13 67 
63 16 48 36 59 58 61 86 13 42 82 69 80 85 3 15 16 74 
51 6 47 14 84 59 67 53 
16 7 43 45 86 84 11 64 46 
80 10 43 86 40 47 9 33 59 68 58 48 
43 4 48 64 29 33 
86 4 84 11 64 59 
47 2 11 43 
67 4 68 11 58 46 
45 9 33 59 5 84 46 58 64 48 29 
83 6 31 80 43 61 46 65 
20 2 74 47 
10 10 53 40 45 42 43 15 9 47 68 46 
85 11 51 9 45 68 14 49 33 16 11 84 57 
24 17 81 64 4 65 43 22 47 67 80 40 16 11 23 51 85 53 68 
14 11 84 40 68 58 29 43 48 86 59 11 64 
57 7 26 33 61 84 51 86 10 
15 12 43 29 53 68 64 48 45 9 40 47 33 58 

79 9
71 11 33 45 26 21 29 13 42 55 68 1 67 
65 15 39 32 33 78 3 49 21 45 68 13 73 50 4 16 19 
50 13 46 54 12 33 76 24 29 3 77 61 21 32 42 
29 8 55 45 24 33 16 43 1 21 
42 5 21 12 16 68 67 
76 2 21 47 
24 5 43 47 21 76 68 
27 8 55 61 76 21 45 6 10 52 
77 7 43 17 21 54 55 32 76 

46 8
20 7 4 29 28 27 12 21 45 
7 8 38 43 12 21 10 34 41 42 
28 4 12 27 45 29 
9 3 40 12 17 
15 10 20 29 38 13 34 40 12 17 4 6 
3 16 27 12 29 45 10 34 43 20 38 4 21 41 40 28 6 9 
30 11 20 40 4 45 10 43 28 38 29 12 27 
12 2 29 27 

79 15
63 13 69 12 71 39 6 7 75 57 60 24 36 10 17 
60 5 57 71 52 58 17 
6 6 52 17 58 71 77 57 
5 15 61 69 58 7 12 18 6 39 56 25 24 17 32 37 75 
37 4 17 25 58 10 
32 13 36 24 39 10 56 57 71 6 18 17 65 37 7 
71 1 57 
73 10 55 1 49 37 52 57 28 6 58 10 
34 8 5 66 55 43 77 58 10 11 
56 3 37 61 10 
61 1 60 
29 3 58 57 49 
10 2 52 77 
39 2 7 61 
1 11 28 39 65 36 12 53 6 18 69 24 52 

27 9
22 4 14 6 7 15 
14 1 5 
26 2 21 5 
10 2 14 25 
20 1 26 
25 5 20 14 21 5 26 
6 5 26 14 15 5 21 
13 4 26 20 5 12 
15 3 21 5 14 

36 7
13 1 23 
3 3 17 6 29 
7 4 6 18 29 16 
20 6 13 18 17 6 15 9 
34 1 18 
22 9 23 7 4 34 17 15 32 29 21 
10 10 11 6 17 31 22 29 7 32 24 34 

88 11
70 4 43 33 83 74 
5 1 83 
37 8 29 83 86 63 33 74 43 45 
57 12 37 24 12 48 33 3 2 58 46 29 36 62 
18 9 83 81 74 45 70 86 44 14 33 
74 1 33 
3 11 25 79 38 18 33 46 70 14 74 45 37 
40 3 66 5 69 
12 8 44 29 43 38 83 45 70 63 
45 1 33 
22 1 25 

69 9
17 11 1 42 43 15 23 56 35 58 38 29 50 
35 3 43 58 1 
3 8 11 8 20 51 5 60 9 56 
52 7 35 1 43 5 42 68 38 
67 5 5 58 52 16 38 
10 4 5 9 68 57 
66 10 57 51 25 5 16 3 1 40 23 21 
44 13 56 6 22 64 5 62 1 23 21 52 9 39 29 
50 8 43 58 38 5 35 42 29 1 

18 3
1 7 15 5 11 17 6 3 4 
12 2 17 6 
10 4 17 15 6 12 

77 12
62 6 19 24 64 5 69 49 
8 20 42 55 14 52 6 61 33 62 22 70 7 46 69 53 38 75 64 71 1 48 
5 1 68 
45 1 5 
72 6 74 69 47 75 64 70 
16 4 64 1 6 47 
19 3 7 75 24 
22 8 48 75 64 19 47 68 49 5 
69 2 24 7 
14 13 62 55 7 47 72 19 71 1 42 24 23 38 52 
48 6 50 58 75 52 64 68 
29 10 49 38 62 55 8 33 6 10 47 70 

65 3
3 8 6 31 24 42 54 1 5 20 
26 6 54 2 58 53 49 11 
20 10 40 6 11 43 26 47 53 55 44 24 

63 1
56 12 19 23 33 20 41 46 35 40 38 42 24 16 

69 4
63 8 50 24 25 56 62 40 47 22 
17 2 38 42 
42 2 15 55 
19 3 50 6 47 

20 4
11 3 18 7 2 
19 1 2 
3 8 19 7 12 2 18 13 11 8 
2 1 18 

13 2
3 1 12 
6 1 12 

12 2
2 2 4 8 
6 1 4 

27 4
11 5 9 1 3 10 14 
21 5 26 7 24 16 8 
1 8 24 26 21 14 8 7 15 16 
13 7 9 6 24 14 19 1 10 

59 4
27 6 58 10 8 33 51 5 
50 3 32 5 53 
4 6 50 28 11 16 34 42 
10 3 32 11 12 

37 3
1 6 13 14 32 5 7 17 
33 8 17 16 7 13 32 14 1 29 
15 12 19 18 14 7 16 29 32 6 35 23 5 1 

21 5
20 9 12 15 7 6 4 5 11 2 18 
17 3 12 7 15 
14 1 11 
12 2 11 18 
7 2 11 14 

85 10
51 14 59 52 70 5 62 60 41 7 45 32 1 18 24 22 
16 8 35 53 82 47 10 45 81 60 
47 4 52 53 68 42 
62 8 53 16 17 32 60 81 45 68 
11 13 60 45 67 7 17 75 79 2 42 59 16 23 52 
24 1 52 
15 19 79 76 71 18 24 5 11 59 75 9 82 42 20 52 54 16 53 31 47 
18 4 53 10 75 59 
68 2 59 75 
2 14 60 62 59 82 42 47 45 53 68 35 70 32 81 18 

68 8
37 2 1 38 
49 5 53 38 36 64 3 
38 1 64 
39 4 50 1 37 36 
19 6 53 3 36 49 64 38 
53 2 36 3 
3 1 64 
35 5 29 3 14 5 53 

96 4
87 6 77 83 81 54 30 74 
43 6 45 30 75 78 11 54 
64 10 35 28 53 30 78 11 72 54 45 43 
5 4 92 43 30 72 

49 9
36 5 12 3 4 44 18 
34 6 37 45 2 33 11 44 
21 3 12 17 33 
46 9 28 32 4 2 44 12 11 47 18 
2 9 12 18 47 11 3 4 36 44 28 
4 2 3 18 
22 8 37 44 45 46 28 18 4 20 
32 8 11 36 12 28 47 4 18 25 
40 11 2 33 4 28 46 32 1 7 44 47 38 

40 8
10 3 38 17 12 
18 6 32 6 27 14 38 16 
3 5 16 29 27 32 6 
17 1 29 
29 6 38 15 16 6 21 32 
37 2 14 15 
12 1 16 
14 2 21 38 

22 1
5 7 7 2 19 13 10 8 21 

74 15
3 3 67 70 1 
58 5 8 66 14 67 12 
66 1 8 
10 5 70 1 6 67 3 
55 11 21 3 10 64 24 20 2 63 25 12 15 
35 5 4 72 15 19 1 
6 2 1 67 
2 8 57 70 1 67 8 14 6 38 
47 9 66 36 39 4 25 1 2 15 3 
14 9 10 70 3 67 57 1 18 6 8 
25 5 16 20 8 12 57 
16 8 6 18 20 38 14 67 8 3 
39 2 72 27 
32 4 61 58 62 16 
62 4 1 10 35 63 

32 1
2 9 23 4 6 26 28 27 31 13 7 

38 8
35 5 34 2 25 16 27 
5 9 8 31 23 7 16 35 27 37 20 
16 6 7 34 37 25 11 27 
23 6 2 8 11 31 27 25 
11 2 25 37 
28 5 37 7 34 25 3 
32 12 7 21 31 16 20 5 15 2 13 35 25 37 
3 11 25 34 5 35 31 2 20 15 21 37 8 

57 5
45 8 5 11 42 27 23 32 24 13 
6 9 51 14 54 22 11 27 23 39 42 
4 9 14 39 13 30 54 27 32 23 24 
39 9 14 11 24 42 30 8 13 5 32 
36 10 39 42 27 45 18 24 4 51 8 54 

24 4
12 8 8 19 17 9 16 22 18 21 
18 4 15 3 6 17 
1 11 8 20 22 15 7 16 21 3 19 6 23 
9 4 20 10 17 18 

41 7
26 1 25 
11 2 29 25 
9 3 31 25 16 
29 1 15 
8 6 29 25 34 23 39 33 
21 9 25 2 32 33 9 26 8 31 34 
32 4 34 26 23 37 

82 6
81 11 49 51 61 30 16 62 5 14 77 11 75 
28 5 45 61 16 64 5 
40 9 25 11 30 26 17 81 29 55 33 
44 10 14 51 71 77 15 32 49 11 35 45 
4 11 8 39 27 3 5 17 33 9 28 66 64 
1 1 41 

66 11
46 8 37 56 65 35 17 31 19 20 
19 12 36 32 37 9 10 28 56 51 54 35 11 39 
21 7 29 28 61 56 25 37 1 
36 5 39 55 45 28 9 
48 7 29 28 37 39 10 35 55 
53 9 22 1 2 65 9 35 11 55 32 
54 6 37 28 51 9 29 65 
49 12 20 21 51 39 35 9 61 5 37 48 15 56 
17 2 61 20 
12 8 46 55 43 11 31 22 36 25 
35 9 54 56 29 65 51 9 28 37 10 

40 4
8 9 35 14 26 15 34 39 24 11 6 
23 13 15 8 29 22 13 32 35 39 34 21 24 26 20 
11 1 15 
39 1 15 

84 10
44 8 48 14 42 81 69 61 59 37 
74 5 69 33 18 48 42 
1 13 48 9 74 19 58 69 37 43 23 18 4 33 31 
8 4 55 42 53 21 
9 3 61 81 37 
50 9 75 48 68 25 39 14 55 81 79 
66 5 69 63 78 79 9 
41 12 57 11 10 9 1 76 48 74 18 58 22 78 
25 17 19 44 75 69 22 48 52 59 4 53 1 21 74 8 37 51 31 
62 17 42 33 61 43 21 79 44 57 9 74 54 52 35 51 75 26 58 

58 4
19 2 34 30 
48 7 30 34 33 35 4 3 31 
55 10 40 13 21 22 54 3 48 35 52 30 
37 9 45 17 13 29 49 42 1 30 41 

81 10
61 12 1 9 28 15 69 47 64 71 76 33 72 51 
72 4 49 69 47 38 
30 14 36 34 28 67 5 78 4 64 51 52 39 53 70 26 
26 9 44 34 49 64 69 16 14 36 52 
25 13 6 76 48 55 16 56 66 31 50 71 74 21 9 
6 6 10 5 36 56 50 54 
60 7 4 5 80 9 44 38 78 
43 15 60 55 72 12 71 33 51 54 30 78 4 48 39 10 38 
64 6 38 53 76 34 14 36 
51 1 33 

90 14
77 8 73 6 5 25 55 67 32 36 
24 1 85 
73 4 5 16 54 28 
47 8 5 67 38 20 16 28 73 54 
33 9 85 47 21 25 38 6 39 51 73 
61 10 52 44 38 39 25 57 55 5 16 20 
42 9 24 25 32 62 51 16 38 6 35 
31 5 72 5 67 61 32 
1 7 24 12 66 70 84 45 44 
9 8 21 52 32 70 45 66 83 65 
36 11 73 28 71 54 20 72 6 47 55 38 5 
51 10 73 5 54 47 6 20 67 55 28 32 
12 1 52 
43 7 74 57 71 88 5 25 20 

68 6
1 1 13 
19 7 42 11 40 33 67 13 65 
36 4 61 47 19 45 
42 2 45 4 
7 3 27 66 45 
65 7 63 66 38 40 4 13 45 

46 9
9 4 24 45 41 36 
44 13 23 16 29 7 21 20 33 9 43 36 8 42 45 
19 9 33 37 23 29 12 20 9 45 38 
12 2 14 9 
15 6 41 45 8 4 14 20 
14 5 20 41 45 24 36 
29 1 7 
6 3 38 7 20 
41 2 45 36 

90 8
29 2 23 75 
53 4 22 33 4 69 
87 5 62 34 5 86 60 
34 4 9 53 52 42 
3 3 74 68 9 
74 5 33 20 22 60 69 
86 17 6 67 60 43 3 8 69 88 1 53 46 38 65 72 48 59 75 
11 10 52 78 53 55 43 69 73 5 74 85 

38 6
10 11 7 14 5 37 34 32 18 19 35 15 4 
18 9 20 27 6 24 34 7 31 4 32 
11 8 10 31 27 19 6 13 18 15 
24 6 35 20 37 27 34 6 
33 6 19 6 21 24 31 10 
19 12 20 27 5 37 7 4 6 18 35 32 24 31 

50 3
26 9 4 12 39 11 5 33 21 14 7 
48 4 12 21 47 6 
11 9 5 21 47 25 48 12 14 6 7 

82 9
12 15 39 75 19 3 26 46 1 21 79 68 44 25 11 73 6 
49 9 37 66 68 19 9 53 50 67 48 
9 3 45 68 50 
41 15 57 59 68 26 1 11 3 25 43 45 44 48 28 53 2 
22 9 53 54 2 45 41 25 46 49 34 
44 9 58 32 69 42 13 25 9 59 40 
62 11 50 26 41 11 40 46 25 44 66 6 57 
39 11 68 59 64 3 43 50 48 69 37 32 8 
46 10 42 53 43 58 75 34 64 26 8 77 

90 15
43 1 29 
8 13 68 88 19 1 5 55 82 81 39 38 33 75 43 
64 5 62 75 37 39 19 
25 11 55 6 27 85 20 13 68 14 33 88 5 
13 11 24 20 79 5 37 75 55 26 82 43 81 
79 7 81 19 55 33 43 75 1 
5 11 19 28 1 43 79 33 75 88 81 55 60 
69 11 8 4 68 48 26 7 20 86 37 43 1 
39 2 29 88 
7 9 28 60 64 15 83 44 88 37 20 
17 14 13 64 60 44 83 28 5 19 75 33 8 37 81 24 
62 5 43 24 28 81 88 
6 10 33 27 55 13 88 82 43 39 76 60 
11 11 19 44 75 5 14 25 60 8 38 39 29 
37 9 88 5 62 39 29 33 24 55 60 

89 13
31 9 74 43 18 10 1 21 51 30 80 
69 4 48 10 88 1 
44 9 64 69 43 48 51 24 1 59 38 
41 12 56 6 42 18 88 15 66 20 21 4 59 12 
60 7 5 1 6 66 21 15 17 
15 10 10 24 21 66 59 6 82 48 79 1 
4 7 48 1 59 56 6 69 88 
32 13 61 72 79 74 45 6 1 78 41 34 12 88 66 
14 6 28 20 51 4 6 58 
80 10 79 74 21 6 56 59 1 15 88 82 
24 12 56 4 1 79 69 6 66 10 88 12 59 21 
54 7 41 34 82 1 6 75 42 
13 13 15 82 51 1 64 80 75 21 4 5 10 38 48 

70 4
37 2 35 33 
36 14 3 32 30 51 23 9 39 35 69 10 16 17 43 21 
57 6 30 10 3 26 40 46 
34 9 21 41 62 69 42 3 53 51 66 

49 4
28 9 20 2 37 8 27 36 39 33 17 
21 4 2 17 39 20 
12 7 28 39 44 23 3 11 20 
4 11 36 29 20 25 28 27 10 21 17 34 2 

28 1
3 8 2 20 8 27 14 18 23 21 

76 5
22 4 16 24 59 21 
72 12 9 41 11 75 50 28 16 52 17 59 21 56 
31 5 24 41 9 34 52 
50 5 59 21 67 24 37 
30 3 11 56 75 

24 4
2 3 15 3 10 
4 3 10 11 15 
10 1 20 
13 7 15 10 6 3 11 20 4 

33 7
30 3 24 18 5 
21 13 12 24 29 9 31 1 32 3 23 19 18 17 11 
28 2 24 5 
31 4 28 18 23 30 
2 2 11 12 
29 1 9 
11 2 29 24 

35 5
34 5 14 18 3 9 24 
18 3 13 12 24 
12 5 9 8 13 29 19 
7 4 29 24 14 9 
30 3 24 19 12 

98 5
24 2 13 20 
44 8 74 43 11 40 95 83 15 45 
53 4 24 95 36 29 
96 12 45 31 74 15 13 93 19 20 2 76 83 97 
7 6 31 45 2 40 29 24 

58 2
42 8 48 22 25 11 57 7 35 15 
51 7 37 7 57 35 23 49 17 

37 5
26 6 17 28 7 20 33 27 
17 3 3 11 7 
24 4 1 31 28 9 
31 7 1 20 10 27 3 11 21 
7 4 12 33 10 21 

33 5
30 4 11 1 7 20 
6 8 14 29 30 20 32 1 11 4 
32 4 4 9 1 20 
18 6 32 7 9 4 27 20 
1 1 20 

89 11
10 4 58 9 33 41 
63 4 83 68 40 21 
21 10 13 83 44 19 68 52 72 40 9 29 
64 9 44 52 26 37 11 41 19 67 27 
3 12 40 19 29 32 7 86 83 53 41 9 50 13 
19 4 44 40 68 29 
1 11 85 41 52 50 29 7 3 68 19 23 63 
83 6 68 13 44 29 40 19 
36 6 13 2 68 44 7 21 
20 10 2 81 87 21 58 7 29 46 9 23 
49 10 1 53 30 48 32 81 41 38 27 21 

56 5
50 1 38 
31 9 44 13 16 38 48 45 34 52 35 
42 2 45 38 
18 2 48 35 
20 6 34 39 35 11 16 3 

79 6
28 1 47 
33 4 19 9 7 47 
61 5 7 63 77 52 27 
39 13 3 72 75 28 7 6 32 52 9 27 63 78 55 
37 14 75 16 56 34 54 33 52 9 72 17 14 21 18 38 
57 9 7 32 52 55 19 18 36 28 78 

29 7
5 8 13 7 26 2 11 24 16 19 
22 1 2 
27 2 22 4 
11 3 24 2 22 
4 5 1 25 2 22 11 
25 2 2 24 
7 5 24 11 2 25 22 

98 13
29 7 89 14 41 72 62 78 47 
68 11 48 27 82 65 38 39 53 9 21 5 13 
15 2 39 69 
48 5 53 33 14 72 56 
41 5 24 48 14 93 80 
65 1 39 
50 12 84 95 8 21 90 6 38 15 75 94 13 14 
60 2 89 18 
17 2 69 65 
95 17 39 69 41 62 72 23 47 97 9 45 80 88 29 93 17 65 24 
97 2 9 48 
94 4 78 33 89 85 
87 13 75 53 14 69 33 56 72 31 58 84 9 8 24 

34 5
20 10 16 5 26 18 31 22 24 3 28 2 
4 7 26 25 2 15 28 8 22 
17 7 11 26 19 31 13 24 3 
16 9 11 31 13 25 3 7 8 26 5 
8 5 12 3 22 11 2 

11 2
8 1 5 
2 3 5 7 3 

68 6
51 11 32 4 46 43 40 13 7 47 45 48 21 
39 10 4 7 13 48 66 21 45 67 43 46 
21 5 66 47 48 46 45 
32 6 66 40 46 4 45 21 
66 5 13 45 47 46 7 
43 6 66 7 47 45 40 48 

57 8
18 3 20 35 44 
8 9 15 40 50 22 52 55 41 33 13 
46 4 9 16 44 52 
17 2 28 40 
14 8 33 13 40 52 15 50 41 22 
33 1 22 
54 2 28 22 
10 12 55 14 31 41 35 9 52 11 13 40 48 15 

13 1
3 3 8 5 12 

58 5
49 4 57 22 53 56 
21 12 30 12 24 34 49 57 50 6 54 42 29 41 
37 14 30 47 52 22 19 54 21 29 42 53 57 25 56 10 
35 7 41 22 53 25 33 6 14 
26 2 10 24 

21 3
14 8 3 13 6 2 9 4 5 12 
4 6 9 5 13 6 12 3 
15 1 6

1 0

2 0
