11 10
1 1 6 
2 8 1 4 5 6 7 8 9 10 
3 3 1 2 4 
4 3 1 6 8 
5 1 1 
7 5 1 4 6 8 9 
8 3 1 6 9 
9 3 1 6 11 
10 3 1 4 6 
11 1 6 

7 6
1 1 3 
2 5 1 3 4 6 7 
3 1 4 
4 1 7 
5 6 1 2 3 4 6 7 
6 4 1 3 4 7 

18 17
1 12 2 3 4 5 6 7 8 9 10 11 12 14 
2 8 3 4 6 7 8 10 12 17 
4 2 3 6 
5 2 2 3 
6 1 3 
7 2 3 6 
8 1 3 
9 3 2 3 4 
10 2 3 6 
11 6 2 3 4 6 7 8 
12 2 3 6 
13 8 1 2 3 4 5 6 7 8 
14 9 2 3 4 6 7 8 10 12 17 
15 1 2 
16 9 2 3 4 5 6 7 8 9 10 
17 6 3 6 7 8 10 12 
18 4 3 6 7 8 

1 0

14 13
1 2 2 3 
2 5 3 5 6 8 9 
3 1 9 
4 12 1 2 3 5 6 7 8 9 10 11 12 13 
5 2 3 9 
6 2 3 5 
7 8 1 2 3 5 6 8 9 10 
8 1 3 
10 4 2 3 5 6 
11 8 2 3 5 6 8 9 10 14 
12 5 2 3 5 6 8 
13 3 2 3 5 
14 1 3 

2 1
1 1 2 

11 10
1 3 2 4 5 
2 4 4 5 9 11 
3 6 1 2 4 5 7 9 
5 1 4 
6 5 1 2 3 4 5 
7 7 1 2 4 5 9 10 11 
8 9 1 2 3 4 5 6 7 9 10 
9 1 4 
10 2 1 2 
11 2 4 9 

8 7
1 3 3 4 5 
2 4 1 3 4 5 
3 2 4 6 
4 1 6 
5 3 3 4 6 
7 1 4 
8 3 3 4 5 

18 17
1 2 6 17 
2 6 1 3 6 7 10 11 
3 10 1 6 7 10 11 12 13 15 16 17 
4 11 1 2 3 6 7 10 11 12 13 15 16 
5 9 1 2 3 4 6 7 9 10 11 
7 1 1 
8 6 1 2 3 4 5 6 
9 6 1 2 3 4 6 7 
10 5 1 6 7 11 12 
11 3 1 6 7 
12 6 1 6 7 11 13 15 
13 2 1 6 
14 15 1 2 3 4 5 6 7 8 9 10 11 12 13 15 16 
15 4 1 6 13 17 
16 4 1 6 7 11 
17 1 6 
18 13 1 2 3 4 6 7 9 10 11 12 13 15 16 

10 9
1 1 6 
2 2 1 4 
3 1 1 
4 1 1 
5 5 1 2 4 6 7 
6 1 7 
8 2 1 2 
9 5 1 2 3 4 5 
10 5 1 2 3 4 5 

6 5
1 3 3 4 5 
2 5 1 3 4 5 6 
4 1 3 
5 2 3 4 
6 1 3 

7 6
1 1 7 
2 1 1 
3 2 1 2 
4 4 1 2 5 7 
5 3 1 2 7 
6 3 1 2 3 

16 15
1 6 2 3 4 6 7 8 
2 12 3 4 6 7 8 9 10 11 12 13 14 15 
3 8 4 6 7 10 11 12 13 14 
4 2 6 10 
5 5 1 2 3 4 6 
6 2 10 13 
7 2 4 6 
8 1 3 
9 10 3 4 6 7 10 11 12 13 14 15 
10 1 13 
11 1 6 
12 6 4 6 7 10 11 13 
14 1 4 
15 1 6 
16 7 2 3 4 6 7 8 9 

2 1
1 1 2 

3 2
1 1 2 
3 1 1 

13 12
1 8 2 5 6 8 9 10 11 13 
2 1 5 
3 2 1 2 
4 6 1 2 5 6 8 9 
6 5 2 5 9 10 11 
7 6 1 2 3 4 5 6 
8 1 2 
9 1 5 
10 1 5 
11 2 2 5 
12 6 1 2 4 5 6 8 
13 4 2 5 6 8 

3 2
1 1 2 
3 2 1 2 

15 14
1 2 3 5 
2 1 1 
3 1 5 
4 9 1 3 5 7 8 9 10 12 13 
5 2 9 10 
6 13 1 2 3 4 5 7 8 9 10 11 12 13 14 
7 3 5 9 10 
8 1 5 
10 1 9 
11 11 1 2 3 4 5 7 8 9 10 12 13 
12 3 3 5 7 
13 1 3 
14 10 1 3 4 5 7 8 9 10 12 13 
15 8 1 3 4 5 7 8 9 10 

9 8
1 4 2 3 4 6 
2 1 4 
3 4 2 4 6 7 
4 1 7 
5 3 1 2 3 
6 2 2 4 
8 5 2 3 4 6 7 
9 5 2 3 4 6 7 

5 4
1 1 3 
2 4 1 3 4 5 
4 1 1 
5 1 1 

13 12
1 6 2 3 4 5 6 7 
2 1 3 
3 1 7 
4 3 2 3 5 
5 2 3 6 
6 2 3 7 
7 1 11 
8 7 2 3 4 5 6 7 9 
9 4 3 6 7 10 
10 2 3 7 
12 8 2 3 4 5 6 7 8 9 
13 2 3 7 

16 15
1 4 2 3 4 7 
2 3 3 4 7 
3 2 4 7 
4 1 12 
5 9 1 2 3 4 6 7 8 9 10 
6 2 1 2 
7 1 4 
8 11 1 2 3 4 7 9 10 11 12 13 14 
9 3 4 7 12 
10 9 2 3 4 7 9 11 12 13 15 
11 1 4 
13 1 4 
14 1 1 
15 1 4 
16 2 1 2 

11 10
1 2 4 5 
2 1 1 
3 2 1 4 
5 1 4 
6 1 4 
7 6 1 2 3 4 5 6 
8 5 1 4 5 6 9 
9 2 4 5 
10 3 1 4 5 
11 1 4 

16 15
2 4 1 3 4 5 
3 2 1 7 
4 2 1 3 
5 3 1 3 4 
6 10 1 3 4 5 7 8 10 11 13 16 
7 1 1 
8 1 1 
9 5 1 2 3 4 5 
10 3 1 3 7 
11 2 1 7 
12 1 1 
13 1 1 
14 10 1 2 3 4 5 6 7 8 10 11 
15 3 1 2 3 
16 3 1 3 4 

4 3
1 1 4 
2 2 1 4 
3 3 1 2 4 

3 2
1 1 2 
3 2 1 2 

11 10
1 4 4 6 7 10 
2 3 1 4 6 
3 3 1 2 4 
4 2 6 7 
5 2 1 2 
6 1 7 
8 3 1 2 3 
9 4 1 4 6 7 
10 1 4 
11 10 1 2 3 4 5 6 7 8 9 10 

12 11
1 4 3 5 6 10 
2 7 1 3 5 6 10 11 12 
3 1 5 
4 9 1 2 3 5 6 8 9 10 11 
5 2 6 10 
6 1 10 
7 11 1 2 3 4 5 6 8 9 10 11 12 
8 6 1 2 3 5 6 10 
9 6 1 2 3 5 6 8 
10 1 11 
12 1 1 

5 4
1 1 3 
2 2 1 3 
4 3 1 2 3 
5 3 1 2 3 

19 18
1 3 2 3 4 
2 1 10 
3 1 2 
4 2 2 3 
5 4 2 3 8 9 
6 2 2 3 
7 5 2 3 4 5 6 
8 2 2 3 
9 1 2 
11 16 1 2 3 4 5 6 7 8 9 10 12 13 14 16 18 19 
12 2 2 3 
13 10 2 3 4 5 6 7 8 9 10 12 
14 1 2 
15 14 1 2 3 4 5 6 7 8 9 10 11 12 13 14 
16 5 2 3 5 8 9 
17 12 1 2 3 4 5 6 7 8 9 10 11 12 
18 4 2 3 5 6 
19 3 2 3 5 

3 2
1 1 2 
3 1 1 

11 10
1 2 6 7 
2 1 1 
3 6 1 2 4 5 6 7 
4 6 1 2 5 6 7 8 
5 4 1 2 6 7 
7 1 6 
8 3 1 2 6 
9 2 1 6 
10 4 1 2 3 4 
11 8 1 2 4 5 6 7 8 9 

6 5
1 1 6 
2 1 1 
3 1 1 
4 2 1 2 
5 1 1 

15 14
1 9 2 3 4 5 7 9 11 12 14 
3 2 2 4 
4 1 2 
5 3 2 3 4 
6 6 1 2 3 4 5 7 
7 1 2 
8 3 1 2 3 
9 6 2 3 4 5 7 11 
10 6 1 2 3 4 5 6 
11 6 2 3 4 5 7 14 
12 4 2 3 4 5 
13 11 1 2 3 4 5 7 9 11 12 14 15 
14 1 2 
15 6 2 3 4 5 7 9 

4 3
1 2 2 3 
2 1 3 
4 1 2 

5 4
1 4 2 3 4 5 
2 1 4 
3 3 2 4 5 
5 1 4 

3 2
1 1 2 
2 1 3 

17 16
2 5 1 3 5 7 8 
3 3 1 5 8 
4 12 1 2 3 5 7 8 9 10 11 12 13 17 
5 1 1 
6 1 1 
7 4 1 3 5 8 
8 2 1 5 
9 2 1 5 
10 5 1 3 5 8 9 
11 2 1 3 
12 7 1 3 5 8 9 10 13 
13 5 1 3 5 8 9 
14 10 1 2 3 4 5 7 8 9 10 11 
15 9 1 2 3 4 5 7 8 9 10 
16 5 1 2 3 4 5 
17 8 1 3 5 7 8 9 10 11 

5 4
1 1 2 
2 3 3 4 5 
3 2 4 5 
4 1 5 

2 1
1 1 2 

11 10
1 4 2 3 4 5 
2 2 5 6 
3 1 2 
4 8 2 3 5 6 8 9 10 11 
6 1 5 
7 3 2 3 4 
8 4 2 5 6 11 
9 4 2 5 6 8 
10 7 2 3 5 6 8 9 11 
11 2 5 6 

5 4
1 1 5 
2 2 1 4 
3 4 1 2 4 5 
4 1 1 

15 14
1 2 10 13 
2 6 1 4 10 11 12 13 
3 3 1 2 4 
4 3 1 10 11 
5 6 1 2 4 9 10 11 
6 3 1 2 4 
7 3 1 2 4 
8 10 1 2 3 4 5 6 7 9 10 11 
9 4 1 2 4 10 
11 2 1 10 
12 2 1 10 
13 1 10 
14 4 1 10 11 12 
15 3 1 2 4 

16 15
1 6 4 5 6 7 8 9 
2 8 1 4 5 6 7 8 9 10 
3 6 1 2 4 5 6 7 
4 4 8 9 10 16 
5 5 4 6 7 8 9 
6 3 4 8 9 
7 1 4 
9 1 8 
10 3 8 9 16 
11 5 4 6 8 9 10 
12 13 1 2 3 4 5 6 7 8 9 10 11 13 15 
13 9 1 2 3 4 5 6 7 8 9 
14 9 1 2 3 4 5 6 7 8 9 
15 1 4 
16 1 8 

5 4
1 2 3 4 
2 3 1 3 4 
4 1 3 
5 2 3 4 

7 6
1 1 2 
2 2 3 4 
4 2 3 6 
5 2 3 4 
6 1 3 
7 3 3 4 5 

18 17
1 2 3 6 
2 6 1 3 4 6 7 10 
3 2 6 15 
4 3 1 3 6 
5 9 1 2 3 4 6 7 10 12 13 
6 1 15 
7 9 1 3 4 6 10 12 13 14 15 
8 12 1 2 3 4 5 6 7 10 12 13 14 15 
9 2 1 2 
10 4 1 3 4 6 
11 9 1 2 3 4 5 6 7 8 10 
12 3 1 3 4 
13 1 1 
14 4 1 3 4 6 
16 2 1 3 
17 2 1 3 
18 8 1 3 4 6 10 15 16 17 

15 14
1 9 2 3 4 5 6 7 8 10 11 
2 1 3 
3 2 4 8 
5 2 3 4 
6 1 3 
7 4 3 4 5 6 
8 1 4 
9 6 1 2 3 4 5 6 
10 2 3 4 
11 2 3 4 
12 3 3 4 6 
13 1 4 
14 12 1 2 3 4 5 6 7 8 10 11 12 13 
15 12 1 2 3 4 5 6 7 8 10 11 12 13 

19 18
1 3 2 3 4 
2 3 3 10 17 
3 1 19 
4 1 2 
5 5 2 3 10 17 19 
6 8 2 3 5 8 10 12 15 17 
7 2 1 2 
8 1 2 
9 8 2 3 4 5 6 8 10 11 
10 2 3 17 
11 10 2 3 4 5 6 8 10 12 15 16 
12 5 2 3 5 10 15 
13 4 1 2 3 4 
14 3 2 3 4 
15 1 2 
16 4 2 3 5 6 
17 2 3 19 
18 6 1 2 3 4 5 6 

18 17
1 3 2 9 11 
3 3 1 2 5 
4 9 1 2 3 5 6 7 8 9 10 
5 6 1 2 9 11 12 13 
6 3 1 2 3 
7 2 1 2 
8 8 1 2 3 5 7 9 10 11 
9 1 2 
10 5 1 2 3 5 9 
11 2 2 12 
12 1 2 
13 1 2 
14 6 1 2 9 11 12 13 
15 13 1 2 3 5 7 8 9 10 11 12 13 14 18 
16 7 1 2 3 5 7 8 9 
17 10 1 2 3 4 5 6 7 8 9 10 
18 3 2 12 13 

9 8
1 5 2 3 4 5 7 
2 4 3 4 7 9 
3 1 9 
4 3 3 7 9 
5 1 2 
6 7 1 2 3 4 5 7 8 
7 2 3 9 
8 1 2 

3 2
1 1 3 
2 1 1 

6 5
2 2 1 4 
3 3 1 2 4 
4 2 1 5 
5 1 1 
6 2 1 4 

6 5
2 1 1 
3 1 1 
4 2 1 2 
5 2 1 3 
6 1 1 

14 13
1 7 2 6 7 9 10 11 13 
2 1 6 
3 4 1 2 4 6 
4 7 1 2 6 7 8 9 10 
5 6 1 2 3 4 6 7 
6 1 7 
8 6 1 2 6 7 9 10 
9 7 2 6 7 10 11 13 14 
10 5 2 6 7 11 13 
11 4 6 7 13 14 
12 9 1 2 3 4 5 6 7 8 9 
13 1 7 
14 1 7 

4 3
1 1 3 
2 3 1 3 4 
3 1 4 

14 13
1 12 2 3 4 5 6 7 8 9 10 12 13 14 
3 5 2 4 5 6 7 
4 1 2 
5 3 2 7 8 
6 3 2 5 7 
7 1 2 
8 1 2 
9 3 2 3 4 
10 3 2 4 5 
11 4 1 2 3 4 
12 9 2 3 4 5 6 7 8 9 10 
13 2 2 3 
14 4 2 5 6 7 

7 6
1 1 6 
2 1 1 
3 1 1 
4 1 1 
5 6 1 2 3 4 6 7 
7 4 1 2 3 6 

18 17
1 6 2 3 4 5 6 7 
2 1 4 
3 12 2 4 5 6 7 8 9 10 11 12 15 16 
5 12 2 4 6 7 8 9 10 11 12 15 16 17 
6 4 2 4 8 10 
7 9 2 4 6 8 9 10 11 15 16 
8 4 2 4 10 18 
9 5 2 4 6 8 10 
10 2 2 4 
11 2 2 4 
12 6 2 4 6 7 8 9 
13 7 2 3 4 5 6 7 8 
14 13 2 3 4 5 6 7 8 9 10 11 12 13 15 
15 4 2 4 6 8 
16 3 2 4 8 
17 1 2 
18 1 4 

3 2
1 2 2 3 
3 1 2 

2 1
1 1 2 

9 8
1 1 3 
2 1 1 
4 2 1 2 
5 6 1 2 3 7 8 9 
6 1 1 
7 4 1 3 8 9 
8 1 3 
9 1 3 

13 12
1 1 7 
2 9 1 3 5 6 7 8 9 10 11 
3 2 1 5 
4 9 1 2 3 5 6 7 8 9 10 
5 3 1 6 7 
6 1 1 
8 1 1 
9 3 1 3 5 
10 3 1 3 5 
11 8 1 3 5 6 7 8 9 10 
12 8 1 2 3 4 5 6 7 8 
13 5 1 3 5 6 7 

3 2
1 2 2 3 
2 1 3 

7 6
1 3 3 5 6 
2 2 1 3 
3 3 5 6 7 
4 3 1 2 3 
6 2 5 7 
7 1 5 

18 17
1 9 2 3 5 6 8 10 12 14 15 
2 1 3 
4 7 1 2 3 5 6 8 9 
5 2 2 3 
6 5 2 3 8 10 12 
7 6 1 2 3 4 5 6 
8 5 2 3 10 12 14 
9 8 1 2 3 5 6 8 10 12 
10 2 2 3 
11 8 1 2 3 5 6 8 9 10 
12 2 2 3 
13 10 1 2 3 5 6 8 9 10 11 12 
14 2 2 3 
15 8 2 3 6 8 10 12 14 17 
16 2 1 2 
17 3 2 3 6 
18 3 2 3 10 

11 10
1 7 2 3 4 5 6 7 8 
2 1 3 
4 4 2 3 7 10 
5 4 2 3 4 7 
6 7 2 3 4 5 7 8 9 
7 2 2 3 
8 8 2 3 4 5 7 9 10 11 
9 4 2 3 4 7 
10 2 2 3 
11 1 2 

15 14
1 3 3 4 6 
2 1 1 
3 7 4 6 8 10 11 12 14 
4 4 6 10 12 14 
5 7 1 2 3 4 6 8 9 
6 1 10 
7 6 1 2 3 4 5 6 
8 3 4 6 10 
9 7 1 2 3 4 6 8 10 
11 5 4 6 10 12 14 
12 3 6 10 14 
13 1 1 
14 1 6 
15 1 1 

10 9
1 2 2 3 
2 1 3 
3 1 5 
4 2 2 3 
5 1 8 
6 3 2 3 4 
7 8 2 3 4 5 6 8 9 10 
9 7 2 3 4 5 6 8 10 
10 4 2 3 4 5 

10 9
1 5 3 4 5 6 7 
2 3 1 3 4 
3 1 4 
5 4 3 4 7 8 
6 1 3 
7 3 3 4 8 
8 1 4 
9 4 3 4 5 6 
10 7 1 3 4 5 6 7 8 

12 11
1 7 2 3 4 6 7 8 9 
2 1 7 
3 5 2 4 6 7 8 
4 1 2 
5 5 1 2 3 4 6 
6 2 2 7 
8 3 2 7 10 
9 5 2 3 4 6 7 
10 1 7 
11 1 2 
12 6 2 6 7 8 10 11 

19 18
1 2 3 7 
2 5 1 3 7 11 19 
3 1 19 
4 1 1 
5 1 1 
6 1 1 
7 3 3 11 19 
8 6 1 2 3 4 5 6 
9 2 1 2 
10 7 1 2 3 4 5 6 7 
11 1 3 
12 4 1 2 3 4 
13 2 1 2 
14 5 1 2 3 7 11 
15 2 1 2 
16 5 1 2 3 7 11 
17 7 1 2 3 4 5 6 7 
18 5 1 2 3 4 5 

11 10
1 3 3 4 7 
2 8 1 3 4 5 6 7 8 9 
3 2 4 7 
4 2 8 10 
5 6 1 3 4 6 7 8 
6 4 1 3 4 7 
7 2 4 8 
8 1 10 
9 1 3 
11 2 3 4 

15 14
1 8 2 3 4 6 7 8 9 10 
2 1 3 
3 3 4 7 8 
4 2 8 11 
5 2 1 2 
6 1 2 
7 3 4 8 10 
9 9 2 3 4 7 8 10 11 13 15 
10 3 4 8 11 
11 1 8 
12 4 2 3 4 6 
13 6 3 4 7 8 10 11 
14 5 1 2 3 4 6 
15 1 4 

5 4
1 2 2 3 
2 1 3 
3 1 5 
4 3 1 2 3 

10 9
1 1 4 
2 6 1 3 4 5 6 7 
3 2 1 4 
4 2 5 9 
5 1 9 
6 3 1 3 4 
7 3 1 4 5 
8 5 1 2 3 4 5 
10 5 1 2 3 4 5 

14 13
1 8 2 4 6 8 9 10 11 12 
2 6 4 8 9 10 11 12 
3 1 1 
4 4 9 10 11 12 
5 8 1 2 4 6 8 9 10 11 
6 1 2 
7 11 1 2 4 5 6 8 9 10 11 12 14 
8 3 4 9 10 
9 1 11 
10 1 9 
12 2 9 10 
13 5 1 2 3 4 5 
14 7 1 2 4 6 8 9 10 

15 14
1 1 3 
2 9 1 3 4 5 6 9 11 13 14 
3 1 4 
4 1 13 
5 8 1 3 4 6 9 11 13 14 
6 3 4 9 13 
7 11 1 2 3 4 5 6 9 10 11 13 14 
8 9 1 2 3 4 5 6 7 9 10 
9 1 4 
10 11 1 2 3 4 5 6 9 11 13 14 15 
11 6 1 3 4 6 9 13 
12 14 1 2 3 4 5 6 7 8 9 10 11 13 14 15 
14 3 1 3 4 
15 4 1 3 4 6 

17 16
1 9 4 6 7 9 11 13 14 15 16 
2 10 1 3 4 5 6 7 9 10 11 12 
3 1 1 
5 12 1 3 4 6 7 9 10 11 12 13 14 15 
6 5 4 7 9 11 13 
7 1 4 
8 12 1 2 3 4 5 6 7 9 10 11 12 13 
9 4 4 7 11 13 
10 9 1 4 6 7 9 11 13 14 15 
11 2 4 13 
12 3 1 3 4 
13 1 4 
14 4 4 6 7 9 
15 6 4 6 7 9 11 13 
16 5 4 6 7 9 11 
17 2 4 13 

5 4
1 1 2 
2 1 4 
3 3 2 4 5 
5 1 4 

6 5
2 3 1 3 4 
3 1 1 
4 1 1 
5 5 1 2 3 4 6 
6 2 1 4 

11 10
1 6 2 4 5 6 7 8 
2 3 4 5 7 
3 4 1 2 4 5 
4 1 10 
5 3 4 7 8 
6 5 2 4 5 7 8 
7 3 4 8 10 
8 3 4 10 11 
9 3 4 5 7 
10 1 11 

4 3
2 1 1 
3 1 1 
4 1 1 

20 19
1 1 13 
2 13 1 3 4 5 6 7 8 9 10 11 12 13 14 
3 2 1 5 
4 11 1 3 5 6 7 8 11 12 13 14 15 
5 2 1 12 
6 3 1 3 5 
7 4 1 5 12 13 
8 8 1 3 5 7 11 12 13 16 
9 2 1 3 
10 10 1 3 4 5 6 7 8 9 11 12 
11 7 1 3 5 7 12 13 16 
12 2 1 13 
14 10 1 3 5 7 8 11 12 13 16 17 
15 4 1 3 5 7 
16 3 1 3 5 
17 8 1 3 5 7 8 11 12 13 
18 12 1 3 5 7 8 11 12 13 14 16 17 20 
19 10 1 3 4 5 6 7 8 9 11 12 
20 1 1 

7 6
1 4 2 3 4 5 
2 2 5 7 
3 2 2 4 
4 3 2 5 7 
6 3 2 3 4 
7 1 5 

19 18
1 3 8 9 12 
2 7 1 6 7 8 9 10 12 
3 6 1 2 4 5 6 7 
4 13 1 2 6 7 8 9 10 11 12 13 14 15 16 
5 7 1 2 4 6 7 8 9 
6 6 1 8 9 12 14 15 
7 8 1 6 8 9 12 13 14 15 
8 1 9 
10 5 1 6 7 8 9 
11 9 1 2 6 7 8 9 10 12 13 
12 1 8 
13 2 1 6 
14 1 8 
15 1 8 
16 7 1 6 8 9 12 13 14 
17 9 1 2 4 5 6 7 8 9 10 
18 3 1 6 7 
19 4 1 2 6 7 

20 19
1 1 8 
2 1 1 
3 8 1 4 8 13 14 15 16 17 
4 7 1 8 13 14 15 16 17 
5 14 1 2 3 4 7 8 9 10 11 12 13 14 15 16 
6 5 1 2 3 4 5 
7 7 1 2 3 4 8 9 13 
8 2 16 17 
9 8 1 2 3 4 8 13 14 15 
10 12 1 2 3 4 7 8 9 12 13 14 15 16 
11 15 1 2 3 4 7 8 9 10 12 13 14 15 16 17 18 
12 9 1 2 3 4 7 8 9 13 14 
13 2 1 8 
14 4 8 16 17 20 
15 6 1 8 13 14 16 17 
17 1 16 
18 7 1 2 3 4 7 8 9 
19 16 1 2 3 4 7 8 9 10 11 12 13 14 15 16 17 18 
20 1 16 

2 1
2 1 1 

17 16
1 2 2 5 
3 1 1 
4 3 1 2 3 
5 1 2 
6 2 1 2 
7 6 1 2 3 5 6 8 
8 2 1 2 
9 2 1 2 
10 8 1 2 3 4 5 6 7 8 
11 8 1 2 3 4 5 6 7 8 
12 8 1 2 3 4 5 6 7 8 
13 7 1 2 3 4 5 6 7 
14 1 1 
15 9 1 2 3 4 5 6 7 8 9 
16 4 1 2 3 4 
17 9 1 2 3 4 5 6 7 8 9 

1 0

19 18
1 1 2 
2 9 3 4 6 7 8 9 10 15 16 
3 1 4 
4 2 7 9 
5 13 2 3 4 6 7 8 9 10 11 15 16 17 18 
6 6 4 7 9 10 16 18 
8 3 4 6 7 
9 2 7 10 
10 1 7 
11 10 2 3 4 6 7 8 9 10 15 16 
12 5 2 3 4 5 6 
13 4 2 3 4 5 
14 3 1 2 3 
15 4 4 6 7 9 
16 2 7 9 
17 12 2 3 4 6 7 8 9 10 11 15 16 18 
18 2 7 9 
19 3 2 3 4 

7 6
2 3 1 3 4 
3 3 1 4 6 
4 1 1 
5 4 1 2 3 4 
6 1 1 
7 2 1 3 

16 15
1 2 7 11 
2 6 1 7 10 11 12 13 
3 4 1 2 7 10 
4 6 1 2 3 5 6 7 
5 8 1 2 3 6 7 10 11 12 
6 6 1 2 3 7 10 11 
7 1 11 
8 2 1 2 
9 1 1 
10 1 1 
12 4 1 7 11 13 
13 2 7 11 
14 2 1 2 
15 5 1 2 3 6 7 
16 1 7 

5 4
1 1 4 
2 1 1 
3 3 1 4 5 
5 2 1 4 

5 4
1 1 2 
2 1 3 
3 1 4 
5 1 4 

5 4
1 1 4 
2 1 1 
3 2 1 4 
5 3 1 3 4 

2 1
1 1 2 

20 19
1 1 3 
2 1 1 
3 1 17 
4 6 1 3 6 7 11 14 
5 5 1 3 4 6 7 
6 6 1 3 7 14 15 16 
7 7 1 3 14 15 17 19 20 
8 1 1 
9 5 1 2 3 4 5 
10 3 1 3 4 
11 7 1 3 6 7 14 15 16 
12 5 1 2 3 4 5 
13 7 1 3 4 6 7 11 14 
14 1 3 
15 4 1 3 14 17 
16 4 1 3 7 14 
18 1 1 
19 3 1 3 14 
20 1 1 

18 17
1 5 2 6 9 11 15 
2 1 6 
3 7 1 2 6 9 10 11 14 
4 4 1 2 3 6 
5 3 1 2 3 
7 1 1 
8 17 1 2 3 4 5 6 7 9 10 11 12 13 14 15 16 17 18 
9 3 2 6 15 
10 5 1 2 6 9 11 
11 4 2 6 9 15 
12 8 1 2 3 4 6 7 9 10 
13 8 1 2 3 6 7 9 10 11 
14 3 1 2 6 
15 1 6 
16 4 1 2 3 4 
17 4 1 2 6 9 
18 13 1 2 3 4 6 7 9 10 11 12 13 14 15 

6 5
2 2 1 4 
3 1 1 
4 1 1 
5 1 1 
6 1 1 

