80 68
1 9 58 78 77 17 70 25 21 48 72
2 8 9 54 13 10 15 16 59 74
3 2 29 71
4 3 33 53 40
5 6 40 72 55 77 29 53
6 7 74 76 27 8 32 14 46
7 8 22 48 56 50 71 37 43 53
8 4 19 35 24 34
9 8 32 51 58 76 67 22 37 17
10 1 30
11 8 19 14 43 68 56 74 26 45
12 6 21 39 32 74 79 44
13 1 22
14 5 18 38 28 48 33
15 3 44 59 37
16 4 32 50 66 71
17 7 27 33 30 56 75 70 26
18 1 50
19 1 52
20 1 76
21 5 39 68 43 28 71
22 5 27 31 67 35 65
23 1 75
24 8 60 38 65 57 68 51 64 30
25 1 70
26 6 80 41 51 58 65 40
27 5 75 64 47 68 41
28 1 34
29 6 45 40 71 46 78 80
30 6 46 74 77 40 38 47
31 7 80 65 53 45 51 72 68
32 3 50 51 80
33 2 67 62
34 2 38 68
35 7 55 71 43 45 67 78 59
36 9 74 38 62 56 51 53 77 70 78
37 9 75 41 78 44 42 77 58 74 54
38 8 69 73 57 74 55 50 59 80
39 9 58 76 47 59 56 77 80 53 62
40 4 42 54 57 63
41 1 75
42 2 60 44
43 1 57
44 5 66 59 61 70 77
45 8 49 61 72 50 63 76 68 53
46 9 55 57 48 68 67 53 70 78 72
47 8 77 65 48 74 64 78 61 63
48 9 70 62 49 77 76 78 63 59 72
49 3 76 72 59
50 5 56 59 75 66 78
51 7 75 60 67 80 74 52 70
52 7 75 54 65 58 59 57 66
53 2 59 80
54 3 64 74 60
55 3 71 64 70
56 5 78 60 75 62 70
57 2 74 76
58 8 68 59 80 67 66 75 61 62
59 5 80 71 65 66 61
60 2 74 75
61 7 79 63 74 73 77 64 72
62 1 74
63 8 76 79 73 72 64 68 80 66
64 1 77
65 8 68 79 70 78 75 73 69 77
66 5 79 71 67 70 72
67 7 76 79 80 70 75 71 68
68 6 74 79 72 76 73 80

85 33
5 3 75 16 13
6 9 45 37 79 12 68 66 38 24 43
7 2 10 14
8 3 56 65 36
9 9 21 47 67 63 49 56 80 65 28
10 6 37 70 73 27 68 65
11 5 20 66 50 39 28
12 7 83 26 50 17 71 56 49
13 3 36 20 54
14 3 18 16 28
15 5 43 19 31 18 30
16 7 19 39 38 22 78 41 80
17 2 33 66
18 7 35 75 21 48 62 31 30
19 9 70 21 33 81 64 74 44 65 62
20 9 46 55 28 40 38 36 71 35 79
21 7 81 35 52 23 74 71 39
22 3 43 39 45
23 1 49
24 4 67 64 61 28
25 5 33 51 46 28 37
26 6 35 52 36 34 73 84
27 9 81 71 68 66 31 45 50 47 55
28 8 78 49 75 66 81 71 77 37
29 3 60 47 65
30 6 37 84 43 73 39 70
31 1 41
32 9 49 33 42 56 80 53 47 44 43
33 6 85 54 59 72 34 62
34 5 63 65 85 53 39
35 7 78 85 73 74 70 80 39
36 1 47
37 7 80 42 54 46 56 82 51

47 19
2 2 5 17
3 5 28 44 25 33 12
4 7 18 6 41 40 15 5 9
5 2 41 24
6 2 15 47
7 3 31 30 21
8 3 30 41 16
9 9 14 39 22 18 46 28 43 19 36
10 4 20 32 24 28
11 9 36 18 39 34 22 38 14 27 37
12 4 13 40 31 18
13 7 14 34 43 44 26 33 47
14 4 36 39 20 37
15 3 39 21 20
16 8 42 36 32 33 21 45 41 35
17 6 23 27 35 37 29 34
18 2 31 37
19 7 27 47 42 45 23 24 35
20 7 35 30 46 45 25 41 29

55 33
2 3 21 5 13
3 5 22 5 34 25 18
4 9 8 35 11 28 34 48 52 54 43
5 8 28 29 32 12 34 40 24 35
6 2 20 38
7 9 15 42 53 12 36 29 24 20 37
8 9 21 40 14 38 28 39 32 25 35
9 5 32 27 30 39 36
10 2 38 43
11 7 51 18 42 45 15 14 38
12 3 20 31 45
13 3 42 18 45
14 8 54 25 28 32 15 41 34 27
15 5 54 52 34 55 16
16 9 43 55 34 53 26 17 20 33 28
17 1 30
18 6 51 46 44 53 47 49
19 6 34 31 50 47 35 39
20 2 41 33
21 7 35 24 37 51 46 54 29
22 8 52 28 51 30 27 29 54 36
23 4 44 39 47 42
24 1 30
25 8 48 26 46 31 49 27 42 44
26 2 29 32
27 4 47 42 54 48
28 9 38 35 52 48 37 53 34 47 54
29 7 42 41 35 40 36 55 51
30 2 47 53
31 9 48 45 41 39 32 51 34 52 42
32 2 35 47
33 8 41 46 39 43 55 40 38 52
34 3 47 50 43

59 35
2 7 15 35 4 44 56 26 58
3 4 57 35 30 49
4 2 54 41
5 1 19
6 9 18 25 45 23 22 37 36 10 38
7 9 55 51 14 27 45 30 35 32 8
8 8 51 36 21 18 20 59 56 27
9 6 33 27 24 12 34 48
10 1 33
11 6 22 39 50 42 54 46
12 5 29 55 17 27 53
13 5 51 30 44 52 45
14 6 28 36 32 29 51 54
15 7 48 32 25 22 53 46 55
16 6 28 20 26 42 36 31
17 9 35 26 57 24 53 42 50 52 28
18 9 45 39 29 44 31 27 54 41 19
19 5 50 46 41 57 33
20 1 40
21 2 49 55
22 6 23 50 29 37 33 52
23 6 32 49 48 54 57 41
24 2 55 50
25 5 38 47 39 34 54
26 1 41
27 1 55
28 8 51 58 57 37 36 56 33 39
29 1 35
30 6 58 42 52 57 35 50
31 7 56 55 44 47 59 52 38
32 1 58
33 5 51 49 59 42 46
34 1 47
35 1 44
36 6 56 54 44 37 41 50

45 33
2 9 41 21 32 38 18 44 36 24 20
3 7 24 32 34 35 9 13 10
4 9 11 17 45 30 10 36 16 42 25
5 2 15 33
6 9 11 31 44 10 9 7 37 40 12
7 5 12 43 45 29 41
8 8 42 38 22 33 21 16 11 41
9 3 44 19 43
10 9 40 44 25 27 19 41 36 13 20
11 2 27 37
12 2 32 29
13 8 45 38 29 17 16 41 40 31
14 7 38 35 41 20 44 39 23
15 5 26 34 20 35 39
16 6 39 17 44 35 20 31
17 5 26 19 34 38 28
18 8 19 21 25 29 40 35 28 42
19 6 34 25 40 26 23 33
20 5 27 42 35 38 30
21 1 27
22 5 25 24 41 30 26
23 2 41 39
24 2 34 25
25 7 31 34 37 29 35 32 33
26 2 38 29
27 6 29 36 28 30 42 31
28 7 41 30 32 35 43 37 29
29 8 35 34 39 44 41 37 38 33
30 1 44
31 1 37
32 4 38 34 43 33
33 2 34 37
34 4 35 40 42 43

87 21
2 9 86 66 41 83 10 63 56 34 18
3 8 28 87 32 24 54 77 82 51
4 7 11 31 12 72 6 14 81
5 2 18 66
6 1 14
7 2 42 63
8 6 22 56 36 68 25 60
9 3 78 45 16
10 9 59 30 60 15 70 50 42 29 66
11 9 57 25 58 23 47 86 79 55 43
12 8 70 27 46 49 20 71 19 63
13 3 52 16 60
14 8 35 41 82 84 71 32 80 49
15 3 57 38 37
16 6 18 67 30 38 79 48
17 1 71
18 3 65 87 41
19 6 49 38 37 45 56 57
20 9 84 65 30 80 72 71 29 23 34
21 5 86 84 22 27 63
22 7 50 31 79 44 73 71 48

92 9
2 2 64 45
3 6 24 12 70 9 64 57
4 9 22 81 89 51 66 88 12 35 54
5 3 70 14 69
6 5 52 58 14 18 92
7 2 26 61
8 8 56 13 43 21 62 45 37 64
9 3 35 57 20
10 3 43 71 51

51 11
2 7 7 45 18 50 27 25 30
3 4 38 9 50 25
4 2 45 27
5 5 41 37 16 50 18
6 2 24 51
7 6 29 18 51 26 8 40
8 1 17
9 1 43
10 2 39 29
11 9 46 42 34 20 27 16 26 31 33
12 4 23 40 38 19

6 5
4 1 3 
2 2 4 3 
6 1 3 
5 2 6 3 
1 3 5 6 3 

13 12
9 1 6 
2 2 9 6 
7 3 2 9 6 
11 3 2 9 6 
1 2 9 6 
5 3 1 9 6 
13 1 6 
8 2 13 6 
3 2 13 6 
10 3 3 13 6 
12 3 3 13 6 
4 4 12 3 13 6 

14 13
1 1 14 
4 2 1 14 
11 2 1 14 
10 3 11 1 14 
6 4 10 11 1 14 
13 5 6 10 11 1 14 
12 4 10 11 1 14 
8 5 12 10 11 1 14 
7 5 12 10 11 1 14 
3 1 14 
2 2 3 14 
5 2 3 14 
9 3 5 3 14 

9 8
8 1 3 
6 2 8 3 
1 3 6 8 3 
5 4 1 6 8 3 
9 5 5 1 6 8 3 
4 1 3 
2 2 4 3 
7 3 2 4 3 

14 13
12 1 6 
11 2 12 6 
8 3 11 12 6 
3 3 11 12 6 
9 4 3 11 12 6 
13 5 9 3 11 12 6 
14 1 6 
2 2 14 6 
5 3 2 14 6 
1 4 5 2 14 6 
7 5 1 5 2 14 6 
10 5 1 5 2 14 6 
4 2 14 6 

3 2
2 1 3 
1 1 3 

4 3
2 1 4 
3 1 4 
1 2 3 4 

11 10
4 1 10 
9 1 10 
6 2 9 10 
5 3 6 9 10 
8 4 5 6 9 10 
7 5 8 5 6 9 10 
1 6 7 8 5 6 9 10 
3 4 5 6 9 10 
2 5 3 5 6 9 10 
11 2 9 10 

3 2
2 1 3 
1 1 3 

7 6
6 1 7 
3 1 7 
1 2 3 7 
4 2 3 7 
2 3 4 3 7 
5 3 4 3 7 

8 7
7 1 8 
1 2 7 8 
4 3 1 7 8 
6 4 4 1 7 8 
5 3 1 7 8 
2 2 7 8 
3 3 2 7 8 

10 9
8 1 7 
10 2 8 7 
9 3 10 8 7 
1 3 10 8 7 
6 2 8 7 
4 3 6 8 7 
5 4 4 6 8 7 
2 5 5 4 6 8 7 
3 1 7 

5 4
5 1 2 
3 2 5 2 
4 3 3 5 2 
1 1 2 

10 9
10 1 5 
7 2 10 5 
4 3 7 10 5 
2 4 4 7 10 5 
6 1 5 
3 2 6 5 
1 3 3 6 5 
9 4 1 3 6 5 
8 4 1 3 6 5 

2 1
2 1 1 

14 13
3 1 5 
14 2 3 5 
8 3 14 3 5 
10 4 8 14 3 5 
6 5 10 8 14 3 5 
4 3 14 3 5 
2 4 4 14 3 5 
12 4 4 14 3 5 
13 5 12 4 14 3 5 
9 2 3 5 
11 1 5 
7 2 11 5 
1 2 11 5 

12 11
4 1 7 
11 2 4 7 
3 3 11 4 7 
12 2 4 7 
2 3 12 4 7 
8 4 2 12 4 7 
5 5 8 2 12 4 7 
6 6 5 8 2 12 4 7 
10 3 12 4 7 
9 1 7 
1 2 9 7 

3 2
2 1 3 
1 2 2 3 

9 8
6 1 7 
2 2 6 7 
4 2 6 7 
5 1 7 
1 2 5 7 
3 3 1 5 7 
9 4 3 1 5 7 
8 3 1 5 7 

3 2
2 1 3 
1 1 3 

6 5
3 1 1 
2 2 3 1 
6 3 2 3 1 
4 4 6 2 3 1 
5 2 3 1 

2 1
2 1 1 

15 14
8 1 14 
9 2 8 14 
15 3 9 8 14 
6 4 15 9 8 14 
10 5 6 15 9 8 14 
5 5 6 15 9 8 14 
13 3 9 8 14 
7 4 13 9 8 14 
2 5 7 13 9 8 14 
1 6 2 7 13 9 8 14 
3 6 2 7 13 9 8 14 
4 1 14 
12 2 4 14 
11 3 12 4 14 

14 13
12 1 8 
7 2 12 8 
1 2 12 8 
6 3 1 12 8 
4 4 6 1 12 8 
2 5 4 6 1 12 8 
13 6 2 4 6 1 12 8 
5 7 13 2 4 6 1 12 8 
9 8 5 13 2 4 6 1 12 8 
14 7 13 2 4 6 1 12 8 
11 5 4 6 1 12 8 
10 3 1 12 8 
3 1 8 

6 5
5 1 4 
3 2 5 4 
1 1 4 
6 2 1 4 
2 2 1 4 

5 4
2 1 4 
1 1 4 
3 2 1 4 
5 3 3 1 4

96 55
62 8 76 71 73 89 65 95 84 70
61 9 80 63 93 88 64 95 76 86 70
60 7 74 64 63 95 82 70 80
59 8 95 83 76 78 79 94 74 90
58 7 71 92 69 75 84 87 66
57 9 82 95 66 72 77 85 76 75 62
56 5 81 95 83 85 77
55 6 70 86 94 95 68 60
54 9 57 72 87 80 90 79 71 78 65
53 7 61 71 58 73 91 55 77
52 8 80 68 74 60 67 56 82 71
51 8 93 74 58 80 78 73 64 53
50 2 57 60
49 5 58 96 50 51 83
48 8 85 74 94 78 63 86 87 62
47 2 94 52
46 2 82 92
45 5 83 49 61 85 69
44 6 70 74 87 56 75 57
43 3 87 63 51
42 5 63 75 44 83 59
41 2 88 86
40 4 54 89 86 79
39 4 73 43 45 66
32 4 73 79 45 46
31 3 65 45 32
30 4 32 70 96 92
29 5 80 64 58 72 56
28 3 50 47 67
27 8 48 40 70 62 93 37 66 50
26 2 37 59
25 4 26 75 52 83
24 7 91 59 84 90 56 27 92
23 5 24 34 40 93 81
22 5 42 57 52 83 34
21 9 72 60 84 31 77 86 64 76 56
20 2 76 37
19 3 28 40 86
18 7 39 28 37 34 86 53 21
17 2 64 31
16 7 35 80 79 23 92 25 43
15 5 96 75 54 27 68
14 3 93 31 46
13 6 44 19 86 31 73 32
12 2 78 92
11 5 15 21 32 18 25
10 1 56
9 1 32
8 4 75 54 22 86
7 6 68 58 30 40 55 94
6 8 54 88 63 76 45 13 78 70
5 4 15 66 37 42
4 8 8 41 29 76 17 11 46 55
3 9 45 21 19 56 68 67 91 30 66
2 2 45 57

58 16
2 1 33
3 2 50 52
4 3 38 6 33
5 4 47 29 23 38
6 4 43 54 26 49
7 2 48 32
8 7 56 24 32 33 50 19 22
9 6 48 44 4 33 51 8
10 8 42 44 28 46 8 5 50 37
11 6 20 22 27 13 41 35
12 7 15 49 41 2 7 8 56
13 9 15 53 5 3 10 26 43 41 25
14 4 33 22 31 23
15 7 40 1 26 7 14 2 6
16 9 56 44 39 7 12 13 3 19 23
17 2 26 34

36 23
36 12 17 8 1 9 5 22 31 33 12 10 18 27
28 1 17
35 9 22 9 28 36 27 1 8 12 31
30 15 31 34 28 12 18 33 10 5 27 8 9 1 35 22 17
2 3 8 22 30
3 17 18 12 31 34 22 1 36 9 10 33 8 17 2 27 35 5 30
32 10 31 28 36 27 17 5 18 22 34 1
24 15 3 34 5 31 32 18 36 2 1 33 9 28 8 17 10
21 14 32 33 22 5 12 1 31 18 35 8 27 10 3 9
19 13 5 30 1 22 35 33 27 3 10 9 28 12 21
4 12 34 2 3 31 17 24 10 36 22 30 12 32
23 11 18 1 2 22 27 9 31 12 36 8 24
16 14 24 5 12 2 30 35 21 23 34 36 27 18 8 31
29 15 16 3 8 21 18 1 31 28 4 12 17 36 33 10 35
25 22 31 34 12 27 1 2 8 19 4 23 5 10 3 9 35 21 18 22 16 17 24 32
7 12 16 28 19 27 34 24 17 12 8 33 23 25
13 25 27 7 1 17 5 24 23 18 22 10 35 2 8 29 21 32 25 30 31 12 3 19 28 33 9
26 17 32 7 5 23 24 33 16 2 9 10 21 35 8 34 36 12 22
11 18 19 25 22 9 28 4 17 36 5 12 30 34 18 7 35 33 2 24
15 20 21 30 5 10 19 11 3 32 22 34 35 2 23 26 25 36 29 12 17 27
20 17 27 25 32 29 34 11 28 36 1 9 30 12 5 3 16 23 19
6 33 4 15 13 30 1 31 28 17 35 27 20 16 32 36 24 25 3 8 21 19 10 29 26 22 5 33 23 2 34 7 11 9 18
14 15 28 24 18 31 30 27 19 35 26 3 2 6 23 13 36

14 10
11 1 1
3 2 1 2
2 1 1
4 1 1
5 1 1
6 1 1
7 1 1
8 1 1
9 1 1
10 1 1

95 90
12 4 51 20 45 44
3 5 15 51 20 26 45
17 1 26
34 1 26
42 2 44 3
50 8 3 51 12 34 45 42 15 9
11 5 44 3 42 12 50
52 8 44 42 26 17 11 15 50 9
38 6 34 52 9 51 44 42
18 11 11 17 20 51 42 9 15 52 3 38 50
27 4 50 17 18 26
6 4 51 12 52 26
10 18 27 6 3 51 9 42 50 15 11 12 18 38 52 26 44 17 45 20
23 9 20 38 11 27 34 12 51 50 9
19 8 10 42 45 11 12 3 44 17
31 16 9 34 20 44 12 3 45 42 23 10 6 50 19 15 26 38
39 21 42 19 10 17 20 50 34 45 52 9 38 51 26 15 11 27 6 18 12 23 31
36 19 15 9 26 31 27 45 39 6 42 23 3 19 34 17 51 50 38 11 12
48 19 19 51 36 26 27 3 9 6 10 11 45 12 20 17 52 23 15 38 44
37 22 6 17 48 44 15 26 18 50 42 52 36 38 19 10 31 39 20 45 12 11 34 27
1 18 52 31 42 39 23 36 26 45 6 11 17 38 10 37 18 51 44 50
49 11 45 17 10 3 51 12 1 6 42 34 11
33 18 49 6 36 44 18 20 9 27 37 31 19 48 42 11 23 26 3 10
4 10 23 6 51 19 15 52 31 39 34 17
35 11 18 1 4 3 38 10 52 44 9 34 50
40 23 23 34 3 37 39 48 4 18 38 9 33 42 17 27 44 36 26 10 11 35 20 1 50
30 2 48 10
47 18 31 30 33 4 15 42 40 35 19 50 45 27 1 3 52 48 44 6
16 28 34 11 30 42 17 9 45 51 1 50 10 44 26 19 6 36 12 20 52 35 15 49 23 39 31 48 18 33
8 23 16 35 39 15 48 36 31 44 9 40 12 42 27 20 1 52 26 23 37 51 11 6 30
7 20 19 47 51 45 11 50 38 10 6 36 17 23 1 52 15 4 48 3 26 18
21 38 52 18 6 17 4 30 49 3 11 34 19 44 26 38 9 36 27 31 16 45 23 47 39 8 35 37 42 12 50 48 1 33 7 40 51 10 15 20
43 8 19 42 51 35 10 49 15 30
32 16 39 35 34 47 42 27 10 8 37 33 49 31 23 51 4 7
28 3 32 39 19
25 5 30 6 18 47 8
2 12 7 50 23 35 27 37 30 52 4 45 8 20
46 42 6 40 8 11 39 28 7 30 38 36 16 10 45 37 31 47 49 1 12 19 26 32 18 2 15 9 17 52 48 21 3 34 35 44 23 4 20 43 25 33 27 50
14 36 16 20 44 40 39 21 47 9 4 15 43 8 36 42 52 19 45 23 12 31 25 33 2 48 32 27 30 49 17 7 18 50 10 6 37 38
13 45 44 32 10 35 46 18 19 4 38 8 15 52 33 16 49 51 12 36 39 42 20 3 34 7 1 43 11 50 27 21 30 45 40 31 2 37 14 23 47 28 48 6 9 17 25
29 36 40 1 36 18 38 52 45 7 16 14 3 6 10 23 34 39 9 13 47 26 51 20 43 4 33 48 2 30 42 11 37 27 12 32 50 49
41 40 12 1 26 14 39 38 2 51 45 10 29 20 7 23 18 44 36 3 9 42 40 43 34 28 35 52 48 11 21 46 33 37 50 17 13 32 47 30 49 15
5 11 19 48 16 18 41 42 11 44 40 51 15
24 22 18 42 27 1 23 7 15 39 5 38 26 17 21 8 35 50 45 29 37 43 2 10
22 40 26 5 7 35 4 6 42 38 19 36 25 21 28 48 49 12 37 32 30 23 43 2 50 1 44 18 33 40 13 47 27 45 31 46 3 52 51 16 20 24 
12 4 51 20 45 44
3 5 15 51 20 26 45
17 1 26
34 1 26
42 2 44 3
50 8 3 51 12 34 45 42 15 9
11 5 44 3 42 12 50
52 8 44 42 26 17 11 15 50 9
38 6 34 52 9 51 44 42
18 11 11 17 20 51 42 9 15 52 3 38 50
27 4 50 17 18 26
6 4 51 12 52 26
10 18 27 6 3 51 9 42 50 15 11 12 18 38 52 26 44 17 45 20
23 9 20 38 11 27 34 12 51 50 9
19 8 10 42 45 11 12 3 44 17
31 16 9 34 20 44 12 3 45 42 23 10 6 50 19 15 26 38
39 21 42 19 10 17 20 50 34 45 52 9 38 51 26 15 11 27 6 18 12 23 31
36 19 15 9 26 31 27 45 39 6 42 23 3 19 34 17 51 50 38 11 12
48 19 19 51 36 26 27 3 9 6 10 11 45 12 20 17 52 23 15 38 44
37 22 6 17 48 44 15 26 18 50 42 52 36 38 19 10 31 39 20 45 12 11 34 27
1 18 52 31 42 39 23 36 26 45 6 11 17 38 10 37 18 51 44 50
49 11 45 17 10 3 51 12 1 6 42 34 11
33 18 49 6 36 44 18 20 9 27 37 31 19 48 42 11 23 26 3 10
4 10 23 6 51 19 15 52 31 39 34 17
35 11 18 1 4 3 38 10 52 44 9 34 50
40 23 23 34 3 37 39 48 4 18 38 9 33 42 17 27 44 36 26 10 11 35 20 1 50
30 2 48 10
47 18 31 30 33 4 15 42 40 35 19 50 45 27 1 3 52 48 44 6
16 28 34 11 30 42 17 9 45 51 1 50 10 44 26 19 6 36 12 20 52 35 15 49 23 39 31 48 18 33
8 23 16 35 39 15 48 36 31 44 9 40 12 42 27 20 1 52 26 23 37 51 11 6 30
7 20 19 47 51 45 11 50 38 10 6 36 17 23 1 52 15 4 48 3 26 18
21 38 52 18 6 17 4 30 49 3 11 34 19 44 26 38 9 36 27 31 16 45 23 47 39 8 35 37 42 12 50 48 1 33 7 40 51 10 15 20
43 8 19 42 51 35 10 49 15 30
32 16 39 35 34 47 42 27 10 8 37 33 49 31 23 51 4 7
28 3 32 39 19
25 5 30 6 18 47 8
2 12 7 50 23 35 27 37 30 52 4 45 8 20
46 42 6 40 8 11 39 28 7 30 38 36 16 10 45 37 31 47 49 1 12 19 26 32 18 2 15 9 17 52 48 21 3 34 35 44 23 4 20 43 25 33 27 50
14 36 16 20 44 40 39 21 47 9 4 15 43 8 36 42 52 19 45 23 12 31 25 33 2 48 32 27 30 49 17 7 18 50 10 6 37 38
13 45 44 32 10 35 46 18 19 4 38 8 15 52 33 16 49 51 12 36 39 42 20 3 34 7 1 43 11 50 27 21 30 45 40 31 2 37 14 23 47 28 48 6 9 17 25
29 36 40 1 36 18 38 52 45 7 16 14 3 6 10 23 34 39 9 13 47 26 51 20 43 4 33 48 2 30 42 11 37 27 12 32 50 49
41 40 12 1 26 14 39 38 2 51 45 10 29 20 7 23 18 44 36 3 9 42 40 43 34 28 35 52 48 11 21 46 33 37 50 17 13 32 47 30 49 15
5 11 19 48 16 18 41 42 11 44 40 51 15
24 22 18 42 27 1 23 7 15 39 5 38 26 17 21 8 35 50 45 29 37 43 2 10
22 40 26 5 7 35 4 6 42 38 19 36 25 21 28 48 49 12 37 32 30 23 43 2 50 1 44 18 33 40 13 47 27 45 31 46 3 52 51 16 20 24

39 36
33 23 4 15 22 9 5 32 29 6 24 30 7 16 21 28 11 18 8 27 23 38 3 39 37
38 11 8 1 29 30 23 28 11 34 15 6 27
25 4 29 35 6 21
14 7 23 10 6 3 25 21 2
6 2 23 24
22 17 38 23 2 11 31 7 18 34 3 5 39 6 12 21 8 29 32
27 8 24 34 21 6 16 15 10 29
12 17 27 25 11 20 1 31 23 29 15 7 8 19 4 36 39 24 10
18 20 2 16 27 13 5 4 35 12 31 24 38 26 9 1 11 7 6 14 28 21
3 7 25 16 21 15 6 2 23
26 12 14 39 30 8 29 6 28 16 25 7 1 34
28 6 23 3 6 29 15 21
19 12 39 13 3 10 1 14 25 21 16 31 6 28
36 10 24 6 8 16 38 29 2 21 39 15
17 17 3 4 19 6 20 7 35 1 30 13 29 21 27 16 28 24 8
2 5 16 23 21 24 15
16 3 24 15 6
20 12 16 30 23 25 14 34 29 8 31 3 39 28
13 14 39 34 28 20 31 14 1 15 35 23 11 6 29 38
21 2 15 23
9 16 20 30 38 34 2 13 14 35 8 27 26 16 4 29 24 1
37 23 13 8 12 5 25 29 2 6 34 24 19 31 15 39 38 32 9 4 26 35 10 14 11
8 7 14 10 29 35 2 21 6
32 16 27 36 3 25 2 14 15 26 24 29 28 39 4 11 34 31
30 7 1 8 25 24 27 15 34
1 5 16 27 3 15 10
34 2 35 24
31 12 34 23 25 24 10 15 1 2 21 35 39 28
35 2 23 24
5 16 34 3 13 27 9 30 35 16 36 20 26 10 6 19 4 25
4 8 11 24 27 8 16 20 7 34
29 4 6 34 15 24
39 5 15 21 24 29 1
11 10 27 31 6 16 8 14 15 34 24 21
7 8 10 30 23 6 21 31 35 24
10 5 6 35 23 29 25

48 47
33 2 41 7
4 20 25 13 6 40 3 21 22 10 45 35 42 37 12 47 33 48 20 27 30 39
32 22 17 47 30 28 46 40 35 3 13 23 12 48 41 25 39 10 36 33 7 31 27 21
6 11 3 24 48 37 16 38 12 19 18 41 26
17 26 20 35 27 9 21 40 45 2 46 29 10 25 47 18 15 24 16 43 38 28 30 8 36 41 31 5
31 9 11 12 21 16 38 46 40 24 27
18 10 26 12 19 41 46 48 21 3 16 8
27 1 26
24 8 3 19 26 40 48 12 21 16
15 16 7 46 23 22 43 6 13 48 8 40 24 16 27 33 3 31
7 2 40 19
47 14 31 21 8 11 19 37 23 6 12 22 35 29 33 26
34 22 15 1 3 31 21 26 36 18 33 16 20 8 28 7 48 9 11 29 14 19 27 38
23 11 11 12 16 26 7 40 38 3 8 37 18
12 3 26 3 27
5 14 22 29 37 48 36 30 12 27 40 35 18 3 11 24
1 19 23 12 8 40 21 38 36 13 19 31 18 11 5 35 27 43 48 30 3
42 20 9 6 31 20 11 30 7 22 38 15 25 40 27 16 35 18 47 23 33 10
30 19 29 43 46 37 21 18 20 48 26 13 15 35 19 22 24 38 36 7 12
44 20 20 15 31 1 8 18 36 41 38 40 26 27 5 24 6 48 46 23 7 21
41 5 3 21 26 37 19
25 21 43 48 22 16 30 31 5 45 7 12 47 27 41 20 11 24 26 3 18 38 21
43 14 21 12 38 37 29 41 23 31 6 16 27 18 40 33
35 16 37 3 8 26 13 24 21 11 43 23 16 46 38 6 12 33
28 21 44 43 1 16 46 4 11 30 10 38 7 8 41 27 35 29 9 25 14 31 33
10 22 40 44 7 37 13 45 33 27 24 23 31 30 6 25 18 35 38 21 9 1 46 11
11 9 33 7 21 38 19 46 16 48 3
22 16 8 40 48 33 20 7 18 24 6 46 23 21 3 27 12 37
8 6 48 41 37 16 19 46
20 11 29 46 26 38 7 48 24 18 3 41 21
37 1 21
48 1 26
16 5 48 27 7 21 19
14 22 20 44 40 13 41 9 35 1 7 30 15 29 26 27 22 37 8 5 48 25 45 46
19 3 26 48 37
2 25 28 25 39 35 48 26 41 12 23 1 10 19 29 36 43 18 42 47 27 21 22 44 37 45 33
36 12 40 3 6 38 19 7 43 27 15 37 46 8
40 5 3 21 27 26 41
29 14 19 11 38 21 3 33 24 7 48 8 37 26 41 18
3 3 48 21 37
9 15 11 27 26 5 12 7 23 29 24 15 3 30 20 6 21
13 11 3 20 11 29 6 24 18 37 12 27 23
46 5 21 19 48 26 41
39 17 35 25 10 30 38 47 8 16 43 45 14 20 29 5 31 26 1
45 21 7 5 38 36 8 46 11 48 24 40 26 35 27 21 19 43 1 3 33 16 30
21 1 26
38 4 21 40 27 48

41 39
29 7 30 39 21 20 28 36 22
14 11 29 35 39 7 41 3 20 12 30 28 37
3 5 35 41 7 28 30
1 12 28 16 37 12 26 11 22 39 17 5 41 14
32 8 34 19 7 14 17 20 29 35
8 11 38 35 30 39 3 22 7 17 28 32 34
22 6 39 35 3 36 21 41
23 18 39 18 14 19 31 2 20 38 40 33 22 13 30 36 24 28 4 26
18 18 38 25 39 20 12 1 11 7 35 17 37 36 5 3 30 26 28 19
21 5 37 3 30 7 28
38 9 3 14 21 20 17 37 22 34 7
19 4 39 22 28 12
7 3 36 28 41
40 18 1 25 13 2 34 12 37 14 3 33 35 29 5 11 8 6 31 38
9 17 29 28 19 7 4 16 8 5 35 20 17 39 41 22 12 37 3
15 18 33 22 10 29 1 7 36 31 39 41 16 17 37 20 30 9 13 12
5 7 16 8 38 35 29 28 36
25 17 38 11 22 14 32 30 3 35 26 28 12 1 21 29 36 9 8
34 8 20 30 22 21 35 3 12 36
2 19 13 8 9 26 5 19 33 36 34 16 17 41 18 6 21 10 37 32 30
26 10 30 41 32 12 3 37 22 35 29 14
16 10 20 19 41 34 21 14 32 36 29 39
6 18 35 1 8 31 17 29 22 11 20 39 28 33 38 32 10 30 12 5
28 1 35
39 4 36 41 3 37
10 15 9 26 31 5 29 25 21 3 18 8 16 17 39 19 34
24 22 26 20 33 7 11 37 15 22 3 10 36 5 8 29 4 14 31 2 25 13 32 17
20 6 41 22 30 37 35 21
17 4 21 37 30 28
33 17 11 41 28 9 30 20 21 5 37 39 19 8 4 17 12 16 29
4 12 16 21 5 29 37 38 19 35 7 20 8 36
13 16 14 33 34 37 32 26 35 1 22 41 30 29 25 4 8 28
12 6 30 22 35 28 39 37
30 1 7
37 2 28 41
11 12 3 17 14 16 21 36 5 19 7 12 35 28
27 21 3 10 35 12 7 19 37 16 28 41 22 20 1 6 38 2 8 29 39 33 30
31 15 12 20 17 29 36 14 1 11 9 22 19 13 16 8 37
36 2 28 35

9 8
5 2 9 6
9 1 6
7 1 9
3 4 6 5 7 4
2 3 7 3 4
8 5 3 2 9 6 5
4 4 6 7 9 5
1 3 3 5 6

10 9
8 4 6 5 2 4
1 2 2 9
5 1 6
4 4 2 7 5 6
3 2 8 1
2 3 5 6 9
7 1 6
10 2 2 4
9 2 6 5

18 16
13 8 4 14 2 1 17 7 12 8
3 8 7 8 10 2 5 14 16 6
11 3 6 10 1
9 8 13 3 12 10 4 5 16 17
5 4 16 18 6 2
12 9 2 1 18 15 7 3 6 5 14
7 6 16 2 14 8 10 11
8 3 6 14 10
15 6 14 8 1 7 6 18
1 1 18
2 3 14 18 1
4 9 1 10 2 7 16 11 17 14 12
18 1 14
6 3 16 14 18
10 2 6 2
17 8 16 12 10 1 18 2 3 7

8 5
5 2 4 2
8 1 4
7 2 2 4
1 3 4 6 8
3 2 7 8

27 26
21 14 11 20 7 26 18 2 19 25 14 15 6 13 22 12
18 6 7 17 9 2 6 4
17 1 7
13 6 25 6 17 12 4 9
4 2 7 12
8 17 14 12 9 5 7 22 10 23 27 21 18 3 6 17 13 11 4
6 1 25
5 4 2 6 4 10
3 5 2 4 9 18 6
22 13 18 3 23 6 17 14 9 24 25 2 4 10 16
7 1 6
20 12 7 17 25 3 23 26 16 1 11 24 12 6
10 4 17 6 12 4
11 10 12 5 1 24 6 10 4 7 13 25
14 8 10 4 9 13 17 12 7 25
15 7 5 2 18 13 4 14 10
9 4 25 12 4 17
1 7 17 26 2 14 3 9 18
12 3 25 17 6
26 5 5 18 15 9 17
24 8 9 7 6 13 15 18 12 2
19 13 5 4 2 14 9 1 26 6 10 15 11 24 12
23 6 2 24 17 4 11 26
16 15 9 1 25 4 10 6 14 7 23 3 17 18 13 5 12
2 4 17 7 25 13
27 12 1 7 10 11 13 22 24 23 12 18 19 5

10 5
6 2 5 1
1 1 4
5 1 4
2 3 1 5 4
3 2 1 4

32 29
23 4 3 1 5 21
29 11 19 23 20 1 2 18 27 5 9 14 13
5 2 21 1
27 12 32 1 5 18 13 26 14 19 11 2 20 15
2 5 20 23 14 21 19
22 3 2 25 14
32 8 20 1 5 19 9 21 25 22
12 14 18 28 19 17 27 25 5 6 26 31 3 9 29 22
15 8 23 11 19 5 3 1 26 25
8 11 6 31 21 23 20 15 32 11 19 17 3
31 13 25 2 20 17 26 18 32 15 14 27 21 3 9
16 9 5 13 3 14 25 31 1 9 23
7 14 26 1 32 20 15 19 13 18 14 3 11 16 31 17
4 13 23 10 1 13 31 14 11 16 18 22 17 27 26
17 11 22 26 20 18 15 11 19 2 5 27 13
10 12 31 18 29 3 2 22 32 25 20 9 5 23
13 10 26 19 14 21 5 32 9 1 20 3
24 8 4 25 27 7 9 15 10 21
9 7 23 19 2 22 25 26 11
3 3 5 14 21
28 14 3 16 31 1 5 20 21 4 17 13 2 11 8 23
18 11 11 25 19 21 14 26 22 2 23 13 3
25 5 19 3 1 20 5
6 17 22 10 11 3 18 17 2 4 25 16 24 26 32 20 9 1 7
30 14 32 19 14 18 1 5 13 25 15 8 12 17 20 23
26 9 23 2 5 21 11 20 19 1 22
14 1 21
11 6 19 20 2 21 23 25
20 4 3 23 19 14

45 42
44 2 11 15
4 7 3 18 45 19 15 7 32
6 3 39 44 32
11 1 14
17 12 38 44 39 14 6 15 25 8 20 31 30 3
45 9 20 15 3 11 2 6 30 39 32
33 17 9 18 6 11 30 19 37 24 26 3 7 13 45 12 32 22 31
27 16 45 19 24 37 16 35 26 3 32 13 9 14 18 1 20 7
28 18 24 3 30 1 4 19 32 35 38 18 14 12 22 37 36 8 26 34
26 11 32 36 30 24 14 6 15 45 17 37 44
16 17 33 38 39 26 6 17 13 31 3 37 9 12 11 5 22 21 29
2 8 14 32 15 11 3 20 30 38
31 5 39 14 45 30 20
39 4 44 15 11 14
10 18 23 28 6 5 44 17 8 30 39 36 41 25 27 21 15 16 22 31
30 1 15
21 11 1 14 5 4 15 2 8 25 29 38 22
8 7 44 45 39 11 31 30 2
19 13 6 3 8 7 44 25 30 45 39 31 15 14 32
43 16 6 7 1 9 44 17 31 18 34 5 45 16 3 4 19 28
22 10 2 38 6 15 14 30 3 31 7 11
13 10 7 31 30 20 11 15 38 6 8 19
34 21 3 8 22 14 44 15 21 24 18 37 4 20 29 2 32 12 11 13 6 26 30
1 12 29 3 25 31 7 44 37 5 11 12 8 2
12 9 45 32 2 30 8 6 31 38 44
7 8 25 31 12 32 8 45 15 14
35 20 1 30 4 25 26 37 29 16 8 32 20 5 45 9 14 15 33 36 34 22
23 18 36 8 35 22 44 28 30 39 15 12 24 26 6 3 14 37 20 32
5 17 19 13 12 2 39 17 15 20 22 31 6 18 3 32 4 45 11
24 16 19 31 17 12 45 5 3 22 13 14 32 4 15 6 11 39
38 7 30 20 14 32 39 3 6
25 9 39 38 20 15 3 30 12 2 14
9 16 32 12 36 44 17 29 8 31 45 38 18 22 7 30 26 21
41 22 31 18 27 26 28 36 17 23 33 37 11 35 38 43 2 44 13 14 22 7 1 8
40 25 38 42 10 43 15 11 23 36 8 31 20 28 14 32 44 2 12 25 34 1 29 13 35 39 19
42 21 15 5 24 11 41 17 32 4 35 19 7 1 43 36 34 13 23 18 33 8 38
3 4 30 44 11 32
20 4 30 6 39 15
29 13 44 17 22 7 4 39 38 14 11 45 25 20 12
18 10 39 7 3 11 25 15 45 12 30 8
36 11 18 6 45 7 20 39 17 31 4 13 8
37 11 19 4 14 20 3 32 6 2 22 11 15