12 3
9 1 12 
8 2 9 12 
5 3 8 9 12 

19 10
5 1 7 
12 2 5 7 
4 1 7 
14 2 4 7 
9 3 14 4 7 
19 3 14 4 7 
10 4 19 14 4 7 
11 2 4 7 
8 3 11 4 7 
2 4 8 11 4 7 

9 0

19 13
12 1 19 
4 2 12 19 
12 3 4 12 19 
9 3 4 12 19 
5 4 9 4 12 19 
11 5 5 9 4 12 19 
13 5 5 9 4 12 19 
14 2 12 19 
7 3 14 12 19 
10 4 7 14 12 19 
14 5 10 7 14 12 19 
2 3 14 12 19 
8 1 19 

19 8
12 1 8 
7 2 12 8 
4 2 12 8 
5 3 4 12 8 
2 4 5 4 12 8 
19 3 4 12 8 
9 4 19 4 12 8 
14 1 8 

19 9
10 9 18 11 19 13 14 15 12 17 16
9 5 14 18 17 11 15
8 5 17 14 10 19 12
7 6 17 18 12 10 16 13
6 6 17 7 8 13 15 14
5 5 14 16 9 11 8
4 4 18 14 12 6
3 8 18 8 6 10 9 17 7 19
2 4 16 14 7 5

77 62
1 5 51 14 46 64 4
2 6 25 75 5 71 50 40
3 2 25 26
4 1 38
5 5 43 68 50 49 21
6 8 45 21 71 60 35 52 42 31
7 9 64 15 16 10 75 46 37 42 41
8 8 72 71 77 63 67 70 32 24
9 2 54 63
10 8 72 69 71 77 46 74 55 35
11 6 14 38 76 18 45 59
12 7 39 38 71 57 63 17 59
13 5 51 75 31 66 28
14 4 42 49 58 73
15 9 61 48 68 62 33 37 42 40 38
16 8 28 76 69 29 26 49 48 19
17 8 23 36 40 35 53 25 52 68
18 1 70
19 4 25 37 71 69
20 2 22 62
21 8 76 27 36 58 44 39 63 41
22 7 47 28 60 68 23 35 67
23 7 57 59 69 42 45 74 40
24 9 57 33 49 45 61 68 59 25 67
25 7 77 29 67 71 38 48 31
26 2 45 36
27 3 58 51 32
28 1 35
29 7 68 30 46 62 47 52 71
30 4 39 48 60 57
31 4 64 37 65 62
32 1 49
33 2 40 41
34 6 72 62 35 59 40 73
35 1 42
36 3 75 56 71
37 6 62 73 43 56 61 76
38 1 64
39 7 61 62 54 59 45 46 66
40 7 62 49 77 74 54 73 44
41 8 65 52 59 69 70 72 45 74
42 3 48 63 67
43 6 66 46 64 69 55 67
44 5 64 74 51 75 58
45 6 73 48 71 60 55 64
46 1 54
47 9 62 54 76 51 55 58 60 50 61
48 4 69 76 74 75
49 3 65 71 72
50 1 67
51 7 64 66 62 65 70 63 74
52 8 64 69 76 71 63 54 59 66
53 9 75 73 55 62 65 63 57 56 72
54 8 70 69 63 65 67 66 74 77
55 2 60 64
56 9 75 67 64 77 65 62 70 58 60
57 1 70
58 1 67
59 3 76 72 69
60 1 67
61 2 65 67
62 3 71 72 64

19 11
2 1 14 
7 2 2 14 
8 3 7 2 14 
9 4 8 7 2 14 
12 5 9 8 7 2 14 
10 3 7 2 14 
4 4 10 7 2 14 
5 4 10 7 2 14 
11 5 5 10 7 2 14 
19 5 5 10 7 2 14 
17 6 19 5 10 7 2 14 

19 7
12 1 5 
7 2 12 5 
2 2 12 5 
8 3 2 12 5 
9 1 5 
4 2 9 5 
19 2 9 5 

19 8
9 1 7 
2 2 9 7 
12 3 2 9 7 
8 1 7 
4 2 8 7 
14 3 4 8 7 
19 4 14 4 8 7 
5 2 8 7 

12 2
9 1 12 
5 1 12 

19 8
4 1 2 
5 2 4 2 
14 1 2 
19 2 14 2 
7 3 19 14 2 
8 4 7 19 14 2 
12 4 7 19 14 2 
9 2 14 2 

19 12
4 1 2 
14 2 4 2 
19 3 14 4 2 
5 4 19 14 4 2 
13 2 4 2 
8 3 13 4 2 
11 4 8 13 4 2 
7 5 11 8 13 4 2 
12 4 8 13 4 2 
9 3 13 4 2 
17 4 9 13 4 2 
10 5 12 9 13 4 2 

19 9
8 1 19 
10 2 8 19 
14 3 10 8 19 
7 3 10 8 19 
4 1 19 
2 2 4 19 
12 3 2 4 19 
9 3 2 4 19 
5 4 9 2 4 19 


12 5
12 1 9 
8 2 12 9 
5 2 10 7 
4 3 5 12 9 
7 1 9 

19 10
19 1 10 
14 1 11 
17 2 4 10 
14 3 7 4 10 
2 4 1 8 6 10 
18 4 14 7 4 10 
12 3 7 4 10 
9 4 2 7 4 10 
11 5 9 2 7 4 10 
15 2 4 10 

12 5
8 1 12 
5 2 8 12 
7 1 12 
4 2 7 12 
9 3 4 7 12 

19 8
2 1 12 
7 2 2 12 
9 3 7 2 12 
4 4 9 7 2 12 
14 5 3 9 10 8 11 
8 1 12 
5 2 8 12 
19 3 5 8 12 


12 2
5 1 12 
9 3 8 5 4 

15 3
5 3 8 1 6 
12 3 8 7 4 
9 2 12 8 

19 10
8 1 10 
14 1 10 
7 2 14 10 
4 3 7 14 10 
2 4 4 7 14 10 
19 5 2 4 7 14 10 
9 6 19 2 4 7 14 10 
12 4 4 7 14 10 
5 5 12 4 7 14 10 
11 2 14 10 

12 2
5 1 12 
9 4 10 4 6 8 

47 6
18 6 24 12 30 1 26 25
31 4 24 39 25 41
35 6 11 2 7 10 18 12
25 3 1 26 24
34 12 1 2 41 4 12 18 11 7 9 25 28 35
24 2 30 1

21 3
16 8 18 14 7 10 6 9 17 13
14 1 17
20 4 7 18 6 17

91 12
45 11 4 65 48 28 84 61 66 70 30 17 83
89 11 66 23 62 49 60 72 63 43 83 30 5
60 4 48 70 61 4
66 5 75 48 70 4 60
88 12 83 48 42 28 41 84 58 69 40 61 65 39
12 14 88 69 62 63 58 72 84 17 3 43 1 4 23 45
5 3 48 66 75
40 6 81 60 75 70 83 37
8 3 28 81 65
58 5 75 28 66 45 3
47 14 77 43 32 5 65 40 31 83 84 58 60 27 3 61
34 2 3 45 

19 6
7 1 19 
12 1 15 
9 2 12 19 
8 2 10 18 
5 3 8 13 17 
4 3 6 2 11 

20 7
20 1 2 
9 2 19 2 
8 3 4 11 2 
7 4 8 9 19 2 
4 3 9 19 2 
5 2 13 2 
12 3 5 19 2 

19 9
2 1 19 
10 2 2 19 
14 3 10 2 19 
9 3 10 2 19 
7 2 2 19 
8 3 7 2 19 
4 4 8 7 2 19 
5 5 4 8 7 2 19 
12 1 19 

11 5
11 3 4 10 5
2 7 8 9 6 7 3 1 4
1 4 5 10 9 3
7 3 11 4 8
9 1 6

27 5
14 9 10 5 20 4 6 11 19 21 9
8 4 15 16 3 10
24 7 23 8 17 25 12 7 13
21 3 15 19 22
23 4 4 6 14 9

14 13
12 1 6
11 2 12 6
8 3 11 12 6
3 3 11 12 6
9 4 3 11 12 6
13 5 9 3 11 12 6
14 1 6
2 2 14 6
5 3 2 14 6
1 4 5 2 14 6
7 5 1 5 2 14 6
10 5 1 5 2 14 6
4 2 14 6

64 46
47 7 64 48 62 57 55 50 52
46 7 48 49 61 57 52 51 64
45 8 58 57 47 52 59 56 54 53
44 4 47 64 52 45
43 9 56 54 49 50 47 62 45 59 44
42 5 64 57 60 54 52
41 9 63 43 50 42 58 64 47 51 53
40 7 62 44 56 42 48 52 50
39 1 54
38 6 55 44 42 51 52 56
37 3 41 61 45
36 8 44 61 48 45 42 41 52 55
35 2 48 56
34 8 42 44 37 61 51 46 57 58
33 8 64 39 37 59 47 42 45 38
32 4 64 36 48 39
31 4 51 41 62 58
30 4 60 64 32 45
29 8 47 43 54 51 48 63 42 57
28 5 50 62 60 35 34
27 1 50
26 9 64 50 28 49 52 32 53 60 34
25 1 28
24 4 41 48 28 30
23 3 61 36 25
22 4 60 48 45 56
21 4 30 62 59 56
20 2 55 24
19 4 63 59 39 35
18 3 57 25 56
17 3 42 40 33
16 6 21 22 17 62 45 39
15 9 29 62 53 54 20 55 37 52 57
14 5 52 21 55 51 54
13 9 53 63 44 51 47 24 46 14 25
12 5 47 31 36 40 61
11 8 30 29 40 39 43 28 62 41
10 1 61
9 7 62 17 26 56 48 20 52
8 3 48 59 33
7 6 52 13 9 23 35 41
6 1 58
5 2 18 17
4 7 58 36 47 44 63 53 48
3 8 10 62 4 35 39 41 9 64
2 7 18 13 61 42 38 46 55

19 4
5 1 7
4 9 17 7 5 8 13 18 11 6 12
3 7 14 9 16 4 5 7 1
2 2 19 1

3 2
2 1 3
1 1 3

4 3
2 1 4
3 1 4
1 2 3 4

11 10
4 1 10
9 1 10
6 2 9 10
5 3 6 9 10
8 4 5 6 9 10
7 5 8 5 6 9 10
1 6 7 8 5 6 9 10
3 4 5 6 9 10
2 5 3 5 6 9 10
11 2 9 10

3 2
2 1 3
1 1 3

7 6
6 1 7
3 1 7
1 2 3 7
4 2 3 7
2 3 4 3 7
5 3 4 3 7

8 7
7 1 8
1 2 7 8
4 3 1 7 8
6 4 4 1 7 8
5 3 1 7 8
2 2 7 8
3 3 2 7 8

10 9
8 1 7
10 2 8 7
9 3 10 8 7
1 3 10 8 7
6 2 8 7
4 3 6 8 7
5 4 4 6 8 7
2 5 5 4 6 8 7
3 1 7

5 4
5 1 2
3 2 5 2
4 3 3 5 2
1 1 2

10 9
10 1 5
7 2 10 5
4 3 7 10 5
2 4 4 7 10 5
6 1 5
3 2 6 5
1 3 3 6 5
9 4 1 3 6 5
8 4 1 3 6 5

5 4
3 2 1 5
2 2 5 3
4 1 3
5 1 1

5 4
3 1 1
2 2 5 3
4 1 3
5 1 1

8 6
2 1 4
3 1 2
5 2 1 4
8 2 4 1
6 1 4
4 1 1

16 6
8 5 7 12 4 5 1
2 4 10 9 3 15
10 6 1 8 14 13 3 5
11 3 12 7 9
3 3 5 11 6
9 1 16

21 4
10 3 20 11 4
8 10 5 4 15 9 3 14 13 2 12 10
3 7 1 20 21 5 9 2 7
21 4 6 8 10 12

8 0

28 27
1 1 28
2 1 1
3 1 2
4 1 3
5 1 4
6 1 5
7 1 6
8 1 7
9 1 8
10 1 9
11 1 10
12 1 11
13 1 12
14 1 13
15 1 14
16 1 15
17 1 16
18 1 17
19 1 18
20 1 19
21 1 20
22 1 21
23 1 22
24 1 23
25 1 24
26 1 25
27 1 26


15 4
4 1 5 
12 2 4 5 
8 3 12 4 5 
9 1 5 

20 9
10 1 4 
19 2 10 4 
8 3 19 10 4 
5 4 8 19 10 4 
7 1 4 
12 2 7 4 
9 3 12 7 4 
14 4 9 12 7 4 
2 4 9 12 7 4 

9 1
4 1 9 

21 13
12 1 4 
14 2 12 4 
2 3 14 12 4 
10 4 2 14 12 4 
7 5 10 2 14 12 4 
8 3 14 12 4 
5 4 8 14 12 4 
15 4 8 14 12 4 
13 5 3 8 14 12 4 
18 2 12 4 
11 1 4 
19 2 10 2 
9 2 11 4 

19 11
8 1 19 
11 2 8 19 
12 3 11 8 19 
15 2 8 19 
5 3 12 8 19 
2 4 5 12 8 19 
4 5 2 5 12 8 19 
7 6 4 2 5 12 8 19 
10 3 12 8 19 
14 1 19 
9 2 14 19 

12 2
5 1 12 
9 2 5 12 

22 8
7 1 19 
5 2 7 19 
8 2 4 20 
4 1 19 
9 2 4 19 
12 3 9 4 8 
14 4 12 9 4 19 
2 3 9 4 19 

12 2
5 1 12 
9 1 4 

15 5
12 1 9 
5 2 12 9 
7 3 5 10 9 
8 4 7 5 12 9 
4 2 12 9 

5 1
5 1 4 

20 13
12 1 2 
19 2 10 4 
9 2 12 2 
7 3 9 12 2 
8 4 7 9 12 2 
5 5 8 7 9 12 2 
13 6 5 8 7 9 12 2 
4 7 13 5 8 7 9 12 2 
14 8 4 13 5 8 7 9 12 2 
16 7 13 5 8 7 9 12 2 
11 5 8 7 9 12 2 
10 3 9 12 2 
12 1 2 

15 5
4 1 8 
12 2 4 8 
9 1 8 
7 2 9 8 
5 2 3 4 

15 4
5 1 8 
9 1 8 
12 2 9 8 
4 3 12 9 8 

12 2
9 1 12 
5 2 9 12 

19 6
19 1 12 
8 2 19 12 
9 3 8 19 12 
5 4 9 8 19 12 
7 3 8 19 12 
4 4 7 8 19 12 

19 14
2 1 4 
19 2 2 4 
9 3 19 2 4 
14 4 9 19 2 4 
15 5 14 9 19 2 4 
16 6 15 14 9 19 2 4 
12 6 13 14 10 18 2 3 
17 2 2 4 
13 3 12 2 4 
10 4 13 12 2 4 
11 3 12 2 4 
7 1 4 
8 2 7 4 
5 2 7 4 

29 27
1 7 13 26 21 10 17 9 19
2 6 26 10 17 9 28 19
3 10 10 17 9 19 2 14 6 12 20 24
4 10 21 10 17 9 19 2 1 29 27 14
5 12 26 10 17 9 19 2 27 14 7 6 12 20
6 9 26 21 23 10 17 9 19 14 7
7 8 26 21 10 17 9 19 2 14
8 12 26 21 10 17 19 29 14 4 7 6 12 20
9 4 26 21 10 17
10 2 26 21
11 10 26 10 17 9 19 2 14 7 6 12
12 11 26 21 23 10 17 9 19 2 29 14 6
14 8 13 26 10 17 9 19 29 27
15 14 13 26 21 10 9 16 2 14 6 12 20 24 3 22
16 6 26 21 23 10 17 9
17 3 26 23 10
18 6 13 26 17 9 16 2
19 3 26 10 17
20 13 26 21 10 17 9 28 16 19 2 27 14 7 6
21 1 26
22 13 13 21 10 17 9 2 29 14 4 6 12 24 3
23 2 26 21
24 9 26 10 9 19 29 14 6 12 20
25 3 26 10 17
27 6 13 26 17 28 19 2
28 4 26 10 17 9
29 6 26 10 9 28 16 1

9 6
1 3 2 6 4
3 2 6 4
4 2 5 6
5 1 2
7 3 5 6 4
8 4 2 6 4 1

9 1
9 1 5 

20 9
4 1 14 
12 2 4 14 
2 3 12 4 14 
5 1 14 
8 2 5 14 
7 2 5 14 
10 3 7 5 14 
9 4 10 7 5 14 
19 5 9 10 7 5 14 

12 2
5 1 9 
12 2 5 9 

29 27
1 7 13 26 21 10 17 9 19
2 6 26 10 17 9 28 19
3 10 10 17 9 19 2 14 6 12 20 24
4 10 21 10 17 9 19 2 1 29 27 14
5 12 26 10 17 9 19 2 27 14 7 6 12 20
6 9 26 21 23 10 17 9 19 14 7
7 8 26 21 10 17 9 19 2 14
8 12 26 21 10 17 19 29 14 4 7 6 12 20
9 4 26 21 10 17
10 2 26 21
11 10 26 10 17 9 19 2 14 7 6 12
12 11 26 21 23 10 17 9 19 2 29 14 6
14 8 13 26 10 17 9 19 29 27
15 14 13 26 21 10 9 16 2 14 6 12 20 24 3 22
16 6 26 21 23 10 17 9
17 3 26 23 10
18 6 13 26 17 9 16 2
19 3 26 10 17
20 13 26 21 10 17 9 28 16 19 2 27 14 7 6
21 1 26
22 13 13 21 10 17 9 2 29 14 4 6 12 24 3
23 2 26 21
24 9 26 10 9 19 29 14 6 12 20
25 3 26 10 17
27 6 13 26 17 28 19 2
28 4 26 10 17 9
29 6 26 10 9 28 16 1

9 6
1 3 2 6 4
3 2 6 4
4 2 5 6
5 1 2
7 3 5 6 4
8 4 2 6 4 1

19 6
8 1 19 
12 2 8 19 
7 2 8 19 
9 1 19 
4 2 9 19 
5 3 4 9 19 

20 12
8 1 4 
19 1 4 
7 2 19 4 
10 3 7 19 4 
2 4 10 7 19 4 
12 4 10 7 19 4 
5 5 12 10 7 19 4 
11 3 7 19 4 
14 4 11 7 19 4 
1 2 19 4 
13 3 12 19 4 
9 4 13 12 19 4 

12 3
12 1 9 
8 2 12 9 
5 3 8 12 9 

46 30
3 1 12
39 1 15
15 2 5 31
23 2 1 42
40 1 1
44 1 7
1 1 7
11 2 4 28
33 3 6 7 37
42 1 15
21 1 11
24 1 14
38 1 14
26 1 6
18 1 7
31 1 10
14 3 2 7 13
8 1 1
2 2 12 34
43 1 13
16 1 14
10 1 4
45 1 1
34 1 10
29 1 3
4 2 9 29
6 1 8
17 2 8 39
30 1 11
25 1 13

38 17
10 2 6 31
7 2 1 29
36 2 14 23
25 1 7
2 3 13 24 33
9 2 5 11
30 2 4 16
5 1 6
28 1 8
35 1 3
19 1 7
14 1 14
33 1 9
34 1 1
37 1 15
6 2 8 17
21 1 12

3 0

11 0

1 0

39 24
26 2 15 33
19 2 13 31
1 1 4
28 1 3
4 1 10
8 1 9
11 2 8 29
5 1 10
6 1 10
14 1 3
24 2 5 22
35 1 4
20 1 1
12 1 10
25 1 2
27 1 13
34 1 7
36 1 8
9 1 1
17 1 5
10 1 8
7 1 8
3 1 14
13 1 2

86 12
8 2 12 46
83 4 8 61 67 68
62 4 15 39 44 63
32 3 7 50 71
28 4 8 48 68 82
37 4 11 51 76 84
82 1 15
20 5 15 53 64 78 85
46 4 10 39 65 83
3 1 14
21 3 6 64 80
49 3 15 50 81

20 13
7 1 11 
5 2 7 11 
9 3 5 7 11 
12 4 9 5 7 11 
14 5 12 9 5 7 11 
2 2 7 11 
16 3 2 7 11 
13 1 11 
8 2 13 11 
11 3 8 13 11 
19 4 12 8 13 11 
4 3 8 13 11 
10 2 13 11 

15 3
9 1 12 
5 2 9 12 
8 1 14 

12 2
9 1 12 
5 1 11 

15 3
8 1 12 
5 2 8 12 
9 3 5 8 12 

58 16
2 1 33
3 2 50 52
4 3 38 6 33
5 4 47 29 23 38
6 4 43 54 26 49
7 2 48 32
8 7 56 24 32 33 50 19 22
9 6 48 44 4 33 51 8
10 8 42 44 28 46 8 5 50 37
11 6 20 22 27 13 41 35
12 7 15 49 41 2 7 8 56
13 9 15 53 5 3 10 26 43 41 25
14 4 33 22 31 23
15 7 40 1 26 7 14 2 6
16 9 56 44 39 7 12 13 3 19 23
17 2 26 34

36 23
36 12 17 8 1 9 5 22 31 33 12 10 18 27
28 1 17
35 9 22 9 28 36 27 1 8 12 31
30 15 31 34 28 12 18 33 10 5 27 8 9 1 35 22 17
2 3 8 22 30
3 17 18 12 31 34 22 1 36 9 10 33 8 17 2 27 35 5 30
32 10 31 28 36 27 17 5 18 22 34 1
24 15 3 34 5 31 32 18 36 2 1 33 9 28 8 17 10
21 14 32 33 22 5 12 1 31 18 35 8 27 10 3 9
19 13 5 30 1 22 35 33 27 3 10 9 28 12 21
4 12 34 2 3 31 17 24 10 36 22 30 12 32
23 11 18 1 2 22 27 9 31 12 36 8 24
16 14 24 5 12 2 30 35 21 23 34 36 27 18 8 31
29 15 16 3 8 21 18 1 31 28 4 12 17 36 33 10 35
25 22 31 34 12 27 1 2 8 19 4 23 5 10 3 9 35 21 18 22 16 17 24 32
7 12 16 28 19 27 34 24 17 12 8 33 23 25
13 25 27 7 1 17 5 24 23 18 22 10 35 2 8 29 21 32 25 30 31 12 3 19 28 33 9
26 17 32 7 5 23 24 33 16 2 9 10 21 35 8 34 36 12 22
11 18 19 25 22 9 28 4 17 36 5 12 30 34 18 7 35 33 2 24
15 20 21 30 5 10 19 11 3 32 22 34 35 2 23 26 25 36 29 12 17 27
20 17 27 25 32 29 34 11 28 36 1 9 30 12 5 3 16 23 19
6 33 4 15 13 30 1 31 28 17 35 27 20 16 32 36 24 25 3 8 21 19 10 29 26 22 5 33 23 2 34 7 11 9 18
14 15 28 24 18 31 30 27 19 35 26 3 2 6 23 13 36

4 3
3 2 1 2
2 1 1
4 1 1

21 7
8 1 2 
19 1 2 
4 2 19 2 
12 3 4 19 2 
7 3 4 19 2 
9 4 7 4 19 2 
5 5 9 7 4 19 2 

23 8
19 1 12 
7 2 19 12 
14 3 7 19 12 
4 4 14 7 19 12 
2 5 4 14 7 19 12 
9 6 2 4 14 7 19 12 
5 3 7 19 12 
8 1 12 

2 1
1 1 2

20 12
12 1 8 
9 2 12 8 
17 3 9 12 8 
13 3 9 12 8 
11 4 13 9 12 8 
19 5 11 13 9 12 8 
10 5 11 13 9 12 8 
7 6 10 11 13 9 12 8 
2 4 13 9 12 8 
5 2 12 8 
14 3 5 12 8 
4 4 14 5 12 8 

9 8
3 1 4
6 2 3 4
5 2 3 4
2 3 5 3 4
8 4 2 5 3 4
7 3 5 3 4
1 4 7 5 3 4
9 1 4

12 11
8 1 9
6 2 8 9
4 3 6 8 9
1 4 4 6 8 9
3 5 1 4 6 8 9
10 3 6 8 9
5 4 10 6 8 9
2 4 10 6 8 9
11 5 2 10 6 8 9
7 5 2 10 6 8 9
12 6 7 2 10 6 8 9
