35 33
1 3 22 24 11
2 14 30 13 22 24 11 9 29 4 16 15 32 26 27 7
3 21 30 13 22 11 20 25 1 9 19 5 29 4 15 32 27 7 28 31 33 6 8
4 8 30 22 24 11 25 1 19 29
5 7 30 13 22 24 11 12 19
6 15 22 24 11 1 19 29 4 16 32 27 34 7 17 31 33
7 12 13 22 24 11 25 1 19 4 15 32 18 26
8 19 30 22 24 11 1 9 19 5 29 4 15 32 18 26 27 7 28 31 6
9 4 30 22 11 1
10 10 35 30 13 22 24 11 1 19 29 4
11 4 30 13 22 24
12 4 30 22 24 11
13 1 30
14 20 35 13 22 24 11 12 25 9 19 29 4 16 32 18 26 27 7 17 28 31
15 8 22 24 11 1 19 5 29 4
16 10 30 13 22 24 11 1 9 19 29 4
17 11 22 24 11 1 29 4 15 32 27 34 7
18 12 30 13 24 11 25 1 19 29 4 16 15 32
19 5 30 13 24 11 12
20 5 30 13 22 24 11
21 10 30 22 24 11 1 19 29 4 15 10
22 2 30 13
23 18 30 22 24 11 25 9 5 4 16 32 27 7 17 28 31 33 6 8
24 2 30 13
25 4 30 13 24 11
26 12 30 22 24 11 12 25 5 29 4 16 15 32
27 14 35 30 13 22 24 11 1 5 29 4 16 21 32 18
28 15 30 13 22 24 11 25 1 19 4 16 15 32 26 27 7
29 8 30 22 11 12 25 1 9 19
31 18 30 13 22 24 11 20 25 1 19 4 16 32 26 27 34 7 17 28
32 11 30 22 11 12 25 9 19 5 29 4 16
33 15 30 24 11 25 19 29 4 15 32 18 27 7 17 28 31
34 13 30 13 22 24 11 25 1 9 19 5 4 32 27

85 84
1 28 28 55 40 15 81 27 6 3 48 67 76 21 69 53 82 65 63 19 2 17 36 22 45 49 35 51 11 38
2 25 28 55 39 40 79 15 81 52 27 72 6 85 25 48 8 76 21 69 53 16 42 82 65 24 71
3 7 28 39 40 79 81 72 6
4 12 28 55 79 81 52 27 72 6 85 25 34 8
5 29 28 40 79 15 81 52 27 72 3 34 67 8 76 21 69 53 23 16 42 65 71 63 2 17 36 78 22 45 26
6 8 28 40 79 15 81 52 27 72
7 19 55 75 39 40 79 15 81 72 6 3 85 25 48 67 8 21 69 43 53
8 9 28 40 15 81 52 27 72 3 67
9 41 40 15 81 52 6 85 25 34 8 21 69 53 23 16 82 65 24 63 14 19 2 36 22 45 49 35 51 29 11 84 1 46 83 33 44 30 47 50 56 20 68
10 40 28 55 39 40 15 81 27 72 6 85 25 48 67 76 21 53 23 42 65 24 63 19 2 17 36 22 45 49 35 51 11 38 84 58 46 73 60 18 30 47
11 27 39 40 15 81 27 72 3 85 25 48 67 21 23 7 42 82 65 63 14 19 2 36 78 22 45 35 29
12 35 28 79 15 81 52 72 3 25 67 21 69 53 7 16 42 82 65 14 19 2 17 36 22 45 35 51 11 38 84 46 33 60 18 30 47
13 40 28 40 15 81 52 27 72 6 3 85 25 34 67 8 76 21 69 53 7 42 82 65 63 14 19 2 17 36 22 45 35 61 51 29 11 84 1 58 83 33
14 19 28 40 15 81 52 27 72 57 25 48 67 21 69 53 7 42 82 65 63
15 3 28 55 79
16 18 40 79 15 81 52 27 72 6 25 48 67 8 76 21 69 53 23 7
17 22 28 39 40 79 15 81 52 27 72 6 85 57 25 48 21 53 23 16 82 65 63 19
18 34 28 40 79 81 27 85 25 48 76 21 43 53 23 7 42 65 24 63 14 19 17 36 78 22 45 49 26 54 29 11 84 46 73 60
19 23 28 55 75 39 40 79 15 81 52 6 85 25 48 67 21 69 53 23 16 42 82 65 63
20 39 40 81 72 6 85 25 34 67 8 21 53 23 16 42 82 65 24 71 63 2 17 78 22 45 49 5 35 54 51 11 84 73 83 60 13 30 62 47 56
21 13 28 39 40 79 15 81 27 72 6 85 25 67 8
22 29 28 55 79 15 81 27 72 6 25 67 76 31 21 43 53 23 7 16 42 82 65 24 71 63 14 19 2 17 36
23 18 28 55 40 15 81 27 72 6 3 85 25 34 67 8 76 21 69 53
24 21 28 40 15 81 52 27 72 6 3 85 25 67 8 21 69 53 23 16 42 82 65
25 8 28 40 79 15 81 27 72 85
26 29 39 40 81 52 27 6 3 85 57 25 67 8 76 21 69 53 23 16 42 65 24 63 14 2 17 78 22 45 49
27 6 39 40 79 15 81 52
29 30 28 55 40 79 15 81 52 27 72 6 85 25 67 8 76 21 43 23 65 63 14 19 17 78 22 45 49 5 35 54
30 38 28 40 15 81 27 72 6 3 85 25 34 48 67 8 76 21 69 53 23 42 82 65 71 63 14 19 2 17 36 78 22 45 29 11 84 1 83 44
31 15 28 55 40 15 81 52 27 72 6 85 25 48 67 8 76
32 25 28 74 39 40 79 81 27 72 6 3 85 57 48 67 8 21 69 53 23 42 82 65 63 14 19
33 40 28 39 40 15 81 52 27 72 6 3 85 34 67 8 76 21 53 23 7 16 42 82 65 63 14 19 2 78 22 45 49 5 35 54 11 1 58 46 73 83
34 10 28 55 39 40 79 52 27 6 3 25
35 25 28 55 40 79 81 27 72 3 85 25 48 67 21 53 23 16 82 65 14 2 17 78 22 45 49
36 24 28 55 40 79 81 52 27 72 6 25 67 8 76 21 53 16 42 82 65 63 14 19 2 17
37 49 28 39 40 79 15 81 27 72 6 85 25 34 67 8 76 21 43 53 23 42 82 65 71 63 14 19 17 78 22 45 49 26 5 35 54 59 51 29 11 38 84 46 73 83 33 18 44 30 47
38 33 28 74 55 39 40 79 15 81 27 72 3 85 25 67 8 21 23 7 82 65 63 14 19 36 22 45 49 35 54 61 51 29 11
39 3 28 80 55
40 1 28
41 41 28 55 39 40 79 15 81 52 27 72 6 3 25 67 8 21 53 16 42 82 65 19 2 78 22 45 5 54 51 29 11 46 83 44 30 10 50 56 9 70 64
42 17 28 40 15 52 27 72 6 3 85 25 67 8 76 21 53 23 7
43 16 28 55 40 79 15 81 27 72 6 3 25 34 48 8 76 69
44 38 55 40 79 81 52 27 72 6 85 25 34 67 76 21 69 23 16 42 82 65 24 63 2 32 17 36 78 22 45 35 54 29 11 1 46 73 83 33
45 29 28 39 40 79 15 27 72 85 25 67 8 76 31 21 69 53 23 16 42 65 24 71 63 19 2 17 36 78 22
46 40 28 55 40 79 15 27 72 6 3 25 34 48 67 8 31 21 69 53 23 7 42 65 63 14 19 2 17 36 78 22 45 49 5 54 59 51 29 11 38 1
47 43 28 40 79 15 27 72 6 3 25 34 48 67 8 76 69 53 23 16 42 65 14 19 36 78 22 45 49 26 5 35 51 29 11 84 1 58 73 83 60 18 13 44 30
48 11 28 40 79 15 81 27 72 6 3 25 34
49 28 28 39 40 79 81 27 6 3 85 25 67 8 76 21 69 53 23 7 42 82 65 24 63 14 19 17 78 22
50 45 28 40 79 15 81 27 72 6 3 85 25 34 48 67 21 69 53 23 16 42 82 65 71 14 19 2 17 78 22 45 49 5 54 51 29 11 84 1 73 83 33 60 44 30 47
51 29 28 55 40 79 15 52 72 6 3 25 34 8 76 21 69 53 23 7 16 42 65 14 19 2 32 78 22 45 5
52 7 28 55 39 40 79 15 81
53 16 28 40 79 81 52 27 72 6 3 85 25 34 48 67 8 21
54 26 40 15 81 27 3 57 25 48 67 8 21 43 53 23 16 42 65 71 19 2 17 36 22 45 49 35
55 1 28
56 43 28 40 79 15 81 27 72 85 25 34 67 8 76 21 69 43 53 7 42 82 65 24 63 19 2 17 78 22 45 51 29 11 38 84 1 46 83 33 60 44 62 47 50
57 10 28 40 79 15 81 52 27 72 3 85
58 34 55 39 40 79 81 72 3 85 25 67 8 76 21 69 43 53 23 16 42 82 65 63 2 17 36 78 22 45 49 5 51 11 84 1
59 30 40 79 15 81 52 27 72 3 85 25 48 67 8 4 76 21 69 53 23 7 16 42 82 65 19 17 36 22 45 35
60 39 28 39 40 79 15 81 52 27 72 6 85 57 25 67 8 21 69 53 23 7 16 42 65 24 71 63 19 17 78 22 45 49 5 35 54 11 1 46 73
61 30 28 39 40 79 15 27 72 6 3 85 57 25 48 67 21 69 53 23 16 42 65 24 63 19 32 78 22 45 35 54
62 39 28 79 15 81 27 72 3 85 25 48 67 8 76 21 23 16 42 82 65 24 63 14 19 2 17 78 22 45 49 35 51 29 11 84 1 46 83 44 30
63 21 28 80 55 39 40 81 52 27 72 6 3 25 48 67 8 21 53 16 42 82 65
64 39 28 74 75 40 15 81 27 72 6 85 25 48 67 8 76 21 23 42 19 2 22 45 49 54 11 1 46 73 83 33 60 44 30 62 47 50 56 9 70
65 19 28 40 79 15 81 52 27 72 6 85 48 67 21 69 53 23 16 42 82
66 41 28 40 15 81 27 72 6 85 25 34 21 53 23 16 82 24 63 14 2 17 36 78 22 45 49 54 51 11 84 46 73 83 60 18 44 30 62 10 37 50 9
67 9 28 79 15 81 72 6 3 85 25
68 39 28 40 15 81 52 27 72 6 3 85 57 25 34 8 21 69 53 23 42 82 65 63 14 19 2 78 22 45 5 35 51 11 1 83 44 30 62 47 77
69 15 28 55 40 79 15 81 52 72 6 85 25 34 8 76 21
70 42 28 79 81 27 72 3 85 25 48 67 8 21 69 53 23 7 16 42 82 24 19 2 32 17 36 22 45 49 5 35 29 11 46 73 83 18 30 47 50 56 68 9
71 22 28 40 79 81 27 72 3 85 25 48 67 4 31 43 53 23 7 16 42 82 65 24
72 9 28 80 39 40 79 15 81 52 27
73 39 28 55 39 40 79 15 81 52 27 72 6 3 85 25 34 48 8 76 21 53 23 7 82 65 24 63 14 2 17 36 78 22 45 54 29 11 38 1 46
74 1 28
75 2 28 55
76 12 28 40 79 81 27 72 3 25 34 48 67 8
77 39 28 55 79 15 81 27 72 6 3 25 48 8 21 69 43 53 23 16 42 82 65 24 14 19 36 22 5 35 54 51 11 38 84 46 83 60 44 30 47
78 27 55 40 79 15 81 52 27 72 3 85 25 48 67 8 76 21 53 23 16 65 24 71 63 14 2 17 36
79 3 28 55 40
80 1 28
81 4 74 40 79 15
82 19 28 40 79 15 81 27 72 6 3 85 25 67 76 21 53 23 7 16 42
83 36 28 40 79 15 81 27 6 25 34 67 8 21 69 53 7 16 42 65 24 63 14 19 2 17 36 78 22 45 49 26 59 11 38 84 1 46
84 33 28 55 40 79 15 81 52 27 6 3 85 57 25 48 67 8 53 7 16 42 65 71 63 19 2 17 22 45 49 35 54 11 38
85 9 28 55 40 79 15 81 27 72 3

98 97
1 44 41 8 3 30 45 58 18 51 62 36 38 15 23 96 89 48 55 39 32 50 9 72 29 73 42 46 56 60 59 17 28 49 10 68 37 16 81 57 97 6 91 31 98 43
2 7 41 33 3 30 45 58 62
3 2 41 8
4 5 41 3 30 58 18
5 15 41 8 95 3 78 30 45 58 51 62 40 38 15 96 48
6 43 41 33 3 78 30 45 58 62 92 77 40 15 23 82 96 89 48 5 55 84 39 32 24 50 72 29 73 86 60 66 26 11 28 49 21 47 10 61 63 68 16 57 19
7 33 41 33 95 3 78 30 45 58 62 92 80 40 15 96 89 12 48 52 84 39 24 50 72 29 86 46 56 66 17 26 28 49 10
8 1 41
9 19 41 8 95 30 45 58 51 62 92 40 38 23 82 96 48 55 84 39 24
10 28 41 8 95 3 78 30 18 62 80 40 15 23 96 89 48 55 52 39 32 24 73 86 66 17 26 28 49 21
11 28 41 3 78 30 45 51 62 92 40 38 15 89 48 5 55 39 32 24 72 29 42 86 46 60 66 79 17 26
12 13 41 8 78 30 45 58 62 36 80 40 15 96 89
13 48 41 8 3 30 45 58 18 62 92 36 40 85 15 23 89 12 48 5 55 39 32 24 73 86 59 66 17 76 28 49 10 61 54 63 37 16 57 97 6 64 31 43 87 67 65 74 20 71
14 40 41 95 3 78 30 45 18 51 62 38 96 12 48 5 94 55 84 32 24 50 72 29 73 86 56 59 66 17 26 11 28 49 7 83 35 16 81 57 97 6
15 13 41 33 95 3 78 45 58 18 62 92 36 80 38
16 43 41 8 33 3 30 45 58 4 51 62 92 77 36 80 40 38 82 89 48 94 52 39 32 24 50 9 72 29 86 46 60 66 79 17 26 11 28 49 21 7 69 35 25
17 26 41 8 33 3 45 58 51 62 92 36 80 38 23 82 89 12 48 55 84 39 32 50 9 72 73 56
18 6 41 33 95 3 30 45
19 41 41 33 95 3 30 45 18 51 62 80 40 38 15 96 89 12 48 5 94 52 32 24 50 9 29 60 59 66 17 26 11 28 49 7 69 54 63 25 16 81 57
20 40 41 8 3 78 30 45 58 4 51 62 80 38 15 12 48 5 94 52 39 32 24 50 29 86 60 66 17 28 49 10 69 54 63 16 57 91 64 31 98 74
21 34 41 8 95 30 45 18 51 62 92 77 36 80 40 38 15 23 89 12 48 94 55 52 32 24 50 72 29 86 66 79 17 76 28 49
22 13 41 8 95 3 30 45 18 62 92 36 80 38 15
23 15 41 8 33 95 3 30 45 58 51 62 92 80 40 38 15
24 17 41 8 95 30 45 58 62 92 36 40 38 23 82 89 12 48 52
25 35 41 33 95 30 45 58 18 4 62 40 38 15 82 96 89 12 48 52 84 39 32 24 9 42 86 60 66 79 17 26 28 49 10 61 63
26 30 41 33 3 30 45 58 51 62 92 80 38 15 23 89 12 48 5 55 84 39 32 24 50 72 29 73 60 66 79 17
27 54 41 8 33 95 45 18 51 62 92 36 80 40 15 23 82 96 12 48 55 52 39 24 50 29 73 42 86 46 56 60 59 66 79 17 26 28 49 10 83 54 63 37 16 57 97 6 91 31 98 1 65 74 20 13
28 28 41 8 95 3 30 45 51 36 80 40 23 12 48 5 52 84 39 32 24 50 72 42 46 66 79 17 11 76
29 26 41 8 33 3 30 45 58 18 4 51 62 80 40 15 23 96 89 12 48 5 39 32 24 50 9 72
30 3 41 95 3
31 41 41 8 95 30 45 58 18 62 92 36 40 15 96 89 12 48 5 52 32 24 50 29 73 86 56 79 17 11 28 49 10 83 54 16 81 57 97 19 6 91 64
32 24 41 8 33 95 3 30 45 51 62 92 77 36 80 40 38 85 15 82 89 48 94 55 84 39
33 2 41 8
34 45 41 8 3 30 45 58 18 62 92 40 15 23 89 12 48 5 55 52 84 39 32 24 50 9 86 56 59 66 26 11 28 49 10 54 63 37 16 81 91 64 31 88 98 43 67
35 38 41 8 95 78 30 45 58 18 51 62 92 80 40 38 15 23 96 89 12 48 55 39 32 50 72 29 73 86 56 60 66 17 11 49 21 47 10 63
36 6 33 30 45 58 51 62
37 27 41 95 3 78 30 45 18 62 77 36 40 96 12 48 55 84 39 32 29 73 86 66 79 28 49 83 63
38 11 41 95 30 45 18 4 51 62 36 80 40
39 18 41 8 33 3 45 58 4 62 92 36 40 15 23 12 48 94 52 84
40 9 95 3 30 45 58 18 62 92 80
42 21 41 30 45 58 51 62 36 40 15 89 12 48 5 94 52 32 50 9 72 29 73
43 42 41 33 3 45 62 36 38 15 53 82 96 89 12 48 5 55 52 39 32 24 50 29 86 46 56 66 17 28 49 10 69 63 35 25 16 81 19 6 91 64 31 98
44 6 41 3 78 30 45 62
45 4 41 33 3 30
46 18 41 30 45 58 62 92 80 40 12 48 5 55 84 39 32 9 72 86
47 27 41 8 33 3 78 30 45 62 40 38 15 23 48 5 55 32 24 72 73 42 86 56 66 17 26 28 49
48 12 3 78 30 45 58 62 36 80 38 15 23 12
49 36 41 8 95 3 58 18 62 92 40 38 15 23 96 89 12 48 5 55 52 84 39 32 24 50 9 29 73 42 86 46 56 60 66 17 26 28
50 22 41 8 33 95 3 30 45 58 18 62 92 36 80 38 23 96 12 48 5 52 39 32
51 7 41 8 95 3 30 45 58
52 21 41 8 33 95 3 30 45 58 4 62 92 77 80 15 82 89 12 48 5 94 55
53 11 41 30 45 58 18 51 62 80 40 38 15
54 33 41 8 95 78 45 58 18 62 80 40 38 23 89 12 48 5 84 39 9 72 29 86 66 79 17 26 76 28 49 47 10 69 83
55 17 41 8 3 78 30 45 58 18 62 92 40 15 23 89 48 5 94
56 28 41 8 95 3 78 30 45 18 51 62 92 80 40 38 15 82 96 89 12 48 55 39 32 9 29 73 42 86
57 38 41 8 33 95 3 30 45 18 51 62 92 36 40 15 12 48 55 84 32 50 9 42 86 56 60 66 79 28 49 10 7 69 83 54 63 68 16 81
58 6 41 8 33 3 78 45
59 27 41 33 95 3 30 45 18 62 77 40 85 23 96 89 12 48 55 52 84 24 50 29 73 42 86 56 60
60 21 41 8 95 3 30 45 18 62 36 40 89 48 52 84 39 32 24 9 29 42 56
61 30 8 33 3 30 45 58 18 51 62 92 36 80 40 96 89 52 84 32 24 50 9 90 73 86 60 79 17 26 49 47
62 9 41 8 33 95 3 30 45 58 51
63 39 41 8 33 95 3 78 30 45 51 62 92 36 80 40 38 15 23 89 12 48 55 52 84 32 24 50 72 73 86 46 60 66 79 26 28 49 10 7 83
64 49 41 8 33 95 3 78 30 45 58 18 4 62 77 36 80 15 12 48 55 39 32 24 50 9 29 90 86 46 56 60 66 79 17 26 11 28 49 10 61 54 63 68 16 81 57 97 19 6 91
65 45 41 8 33 95 30 45 18 62 36 40 96 12 48 52 84 39 32 24 50 29 42 86 46 56 66 79 17 26 49 10 69 83 54 63 35 16 97 19 6 91 64 31 98 67 34
66 20 95 3 30 45 58 18 51 62 80 40 38 23 89 48 39 32 50 29 42 46
67 44 41 3 78 30 45 58 62 80 40 38 85 15 23 53 82 96 12 48 5 52 39 24 50 72 29 42 86 56 66 17 26 76 10 61 7 63 16 81 57 97 91 31 98 1
68 35 41 8 95 3 78 45 58 18 51 92 80 38 15 89 12 48 52 39 32 24 72 29 42 86 46 56 60 66 17 28 21 47 10 54 63
69 32 8 95 3 78 30 45 58 18 62 92 36 40 38 23 89 48 94 52 32 24 50 29 73 42 86 56 59 66 79 49 10 61
70 42 41 8 3 30 45 58 18 62 36 80 38 15 23 89 12 48 5 55 24 50 29 86 46 66 26 28 10 61 54 35 16 81 57 97 6 14 31 98 43 67 65 74
71 42 41 33 95 3 45 58 51 62 80 40 38 85 15 89 48 39 32 29 73 86 46 66 79 17 49 61 7 83 63 35 25 16 57 6 91 31 98 43 87 67 65 74
72 19 41 8 33 3 30 45 58 18 62 77 40 38 15 96 89 12 48 94 32
73 24 41 8 33 3 30 45 58 18 92 77 36 80 40 85 96 12 48 5 55 52 84 39 24 29
74 38 41 8 33 30 45 18 62 92 40 85 89 48 55 39 32 24 50 72 29 73 42 66 79 17 26 28 61 54 16 81 57 6 91 64 31 98 43 65
75 52 41 8 33 95 3 78 18 51 62 92 36 80 40 38 15 96 12 84 39 32 24 9 29 42 86 66 79 17 28 49 21 10 7 69 63 35 16 81 57 97 6 91 64 31 98 43 1 67 34 65 71 13
76 24 41 8 95 3 30 45 58 51 62 92 80 40 15 96 48 84 24 9 29 86 56 66 79 17
77 9 41 33 30 45 58 18 51 62 92
78 3 41 8 3
79 31 41 8 95 78 30 45 18 4 51 62 77 36 80 38 15 23 96 48 55 52 84 39 32 24 50 29 73 42 86 56 60
80 11 41 8 33 95 3 30 45 58 18 51 62
81 34 41 8 33 95 3 45 58 18 62 36 80 15 82 12 52 84 39 24 50 9 29 73 86 59 66 79 17 11 28 49 10 61 63 16
82 13 41 33 3 30 45 58 18 51 62 92 38 15 23
83 35 41 8 33 95 3 30 45 58 62 92 36 80 40 38 23 12 48 5 55 52 39 32 24 50 9 29 73 42 60 66 17 26 28 49 10
84 21 41 8 33 95 3 30 45 58 4 51 62 36 80 38 15 82 96 12 48 5 55
85 12 41 8 33 3 30 45 18 62 36 80 40 38
86 27 41 8 95 3 30 45 18 4 62 92 77 36 80 40 38 15 23 53 96 89 55 52 84 39 24 50 72
87 36 41 3 30 45 58 18 62 92 36 80 40 15 23 89 48 52 84 32 24 50 42 86 56 17 26 28 49 10 63 16 57 6 64 31 98 1
88 37 41 95 3 78 45 58 18 62 36 40 15 23 12 48 5 55 52 39 32 29 73 42 86 46 66 47 10 63 37 16 81 57 19 91 14 64 31
89 16 41 8 95 3 30 45 58 18 62 92 36 80 40 38 23 96
90 28 41 8 95 30 45 58 18 62 92 36 80 40 38 23 53 89 12 48 5 94 55 52 84 39 32 24 50 72
91 39 41 33 95 3 30 45 58 18 4 51 62 92 77 40 38 15 23 89 12 48 55 52 39 24 50 86 60 66 26 11 28 10 61 83 63 25 16 81 57
92 7 41 8 30 45 58 18 62
93 51 41 95 3 30 45 58 18 62 92 36 40 38 15 82 96 89 12 48 84 39 32 24 50 73 86 46 56 66 79 17 28 49 54 68 25 16 81 97 6 91 64 31 98 87 67 65 74 20 71 13 75
94 15 41 8 33 95 3 78 45 58 36 80 38 15 23 89 48
95 2 41 33
96 14 3 30 45 58 18 4 62 92 36 80 38 15 23 82
97 39 8 95 3 30 45 62 77 36 40 38 15 23 96 89 48 5 55 84 39 32 50 72 29 73 86 56 79 17 26 28 49 10 83 54 63 37 25 16 81
98 44 41 8 3 30 45 4 51 62 92 77 36 80 40 38 23 82 96 12 48 52 84 24 50 9 72 29 73 86 56 59 66 17 26 28 49 61 54 16 81 57 19 91 64 31

29 27
1 7 13 26 21 10 17 9 19
2 6 26 10 17 9 28 19
3 10 10 17 9 19 2 14 6 12 20 24
4 10 21 10 17 9 19 2 1 29 27 14
5 12 26 10 17 9 19 2 27 14 7 6 12 20
6 9 26 21 23 10 17 9 19 14 7
7 8 26 21 10 17 9 19 2 14
8 12 26 21 10 17 19 29 14 4 7 6 12 20
9 4 26 21 10 17
10 2 26 21
11 10 26 10 17 9 19 2 14 7 6 12
12 11 26 21 23 10 17 9 19 2 29 14 6
14 8 13 26 10 17 9 19 29 27
15 14 13 26 21 10 9 16 2 14 6 12 20 24 3 22
16 6 26 21 23 10 17 9
17 3 26 23 10
18 6 13 26 17 9 16 2
19 3 26 10 17
20 13 26 21 10 17 9 28 16 19 2 27 14 7 6
21 1 26
22 13 13 21 10 17 9 2 29 14 4 6 12 24 3
23 2 26 21
24 9 26 10 9 19 29 14 6 12 20
25 3 26 10 17
27 6 13 26 17 28 19 2
28 4 26 10 17 9
29 6 26 10 9 28 16 1

9 6
1 3 2 6 4
3 2 6 4
4 2 5 6
5 1 2
7 3 5 6 4
8 4 2 6 4 1

71 68
1 30 2 39 25 35 56 12 10 37 64 40 52 28 36 34 11 54 57 58 41 48 3 45 70 67 20 60 55 17 50 68
3 21 39 25 35 24 56 12 32 33 10 8 37 40 61 28 36 34 11 26 54 41 48
4 36 39 56 7 12 32 33 10 37 66 40 61 52 28 36 11 26 58 41 48 3 45 70 67 60 55 17 50 59 6 69 53 5 43 27 47 14
5 35 2 46 39 25 35 56 7 12 33 8 37 52 28 36 11 26 54 58 48 3 13 31 45 70 67 20 60 55 17 50 59 1 6 69 53
6 27 39 25 56 12 8 64 66 40 28 36 11 58 41 48 3 13 31 67 20 60 55 71 23 18 17 50 68
7 3 2 39 56
8 7 16 2 46 39 25 56 12
9 32 16 49 2 62 39 12 33 37 64 61 52 36 11 54 58 41 48 3 13 67 20 60 55 71 17 50 6 69 43 47 63 42
10 7 2 39 25 35 12 32 33
11 14 16 2 39 35 24 56 7 12 33 10 64 52 28 36
12 3 2 46 35
13 19 2 39 25 24 12 10 8 37 66 40 19 52 28 36 26 54 41 48 3
14 41 16 2 39 35 24 56 12 32 10 64 40 61 52 28 36 34 11 26 54 58 41 48 3 13 31 45 70 67 20 60 55 23 18 17 50 1 69 43 27 47 63
15 31 16 39 25 56 7 12 66 61 52 36 34 11 58 41 48 3 13 45 67 60 55 23 18 17 50 68 44 69 53 43 27
17 26 39 25 24 56 12 32 33 37 64 52 36 11 54 58 41 48 3 13 31 70 67 20 60 71 23 18
18 32 2 39 25 35 24 56 7 12 10 8 66 40 61 52 28 36 11 26 54 57 58 41 48 3 13 31 45 67 20 60 55 23
19 9 2 25 35 24 12 32 33 37 40
20 22 49 2 39 35 24 12 33 8 37 52 28 36 11 54 58 41 48 3 13 31 70 67
21 33 39 35 24 56 12 32 33 8 37 66 40 52 28 36 11 54 58 48 3 13 31 45 67 20 60 55 30 23 17 50 68 69 53
22 18 16 2 46 39 25 35 56 12 33 37 66 52 36 11 57 41 48 3
23 24 2 39 25 12 33 10 66 40 19 52 28 36 34 54 41 48 3 13 45 67 20 60 55 71
24 5 2 46 39 25 35
25 2 2 39
26 15 16 39 25 35 24 56 12 37 64 40 61 52 36 34 11
27 33 2 46 39 25 35 24 56 12 37 64 66 40 52 36 34 11 58 41 48 3 13 31 20 60 55 23 18 17 50 68 69 53 43
28 10 2 39 25 35 56 12 33 64 66 52
29 27 2 39 56 12 32 8 37 64 66 40 52 28 36 11 54 41 3 67 20 60 55 71 17 50 68 69 27
30 27 49 2 62 39 25 35 56 7 12 33 37 40 61 52 28 36 34 11 54 3 31 45 70 67 20 60 55
31 18 2 39 35 24 12 32 37 64 40 52 36 26 54 57 58 41 48 3
32 5 39 25 24 56 12
33 7 2 39 35 24 56 12 32
34 15 2 39 38 25 56 12 32 37 64 66 40 61 52 28 36
35 3 16 39 25
36 12 2 39 25 35 24 56 12 37 66 40 52 28
37 8 2 46 39 25 35 24 12 33
38 2 49 39
40 8 16 2 46 39 24 56 12 64
41 18 16 49 2 39 25 35 24 56 7 12 37 28 36 34 11 26 54 57
42 43 16 2 46 62 39 35 24 12 32 37 64 66 40 52 28 36 11 26 54 57 58 41 48 3 31 45 67 20 60 55 30 71 18 17 50 51 59 1 69 43 27 15 47
43 34 2 62 39 25 24 56 7 12 33 37 64 61 52 28 36 11 54 41 48 3 13 31 45 67 20 60 55 17 50 68 59 6 69 53
44 27 16 39 56 12 33 10 37 61 52 28 36 11 58 41 48 3 22 31 45 67 20 60 71 18 17 50 68
45 19 16 2 39 25 12 33 40 61 52 28 36 26 54 58 41 48 3 13 31
46 1 2
47 35 2 39 25 35 56 12 8 37 64 40 19 52 28 36 11 26 54 58 3 13 31 45 67 20 60 55 23 17 50 68 65 1 69 43 27
48 16 49 2 39 25 35 56 7 12 33 64 40 36 11 26 54 58
49 1 16
50 26 2 39 25 35 24 56 7 12 66 52 36 54 58 41 3 13 45 67 20 60 55 30 71 23 18 17
51 30 2 46 39 25 7 12 32 33 37 64 40 52 28 36 34 11 57 58 41 3 13 67 20 60 55 30 23 18 17 50
52 7 39 12 32 33 64 66 40
53 33 2 39 25 35 24 56 12 32 33 37 64 40 52 36 11 26 58 41 48 3 13 31 70 20 60 55 71 18 17 50 68 6 69
54 18 49 2 39 38 25 35 24 56 12 10 37 64 66 52 36 34 11 26
55 30 49 2 39 38 25 24 7 12 10 37 66 40 61 52 36 34 11 54 57 58 41 48 3 13 31 45 70 67 20 60
56 5 2 46 39 35 24
57 15 49 39 25 7 12 8 37 64 66 40 52 36 34 11 26
58 16 49 2 39 35 24 12 32 33 37 64 66 40 52 28 36 11
59 30 2 39 24 56 7 12 33 37 64 66 52 28 36 11 26 54 57 58 41 48 3 31 67 20 60 30 23 17 50 68
60 21 16 49 39 38 25 35 12 8 64 66 61 52 36 11 26 54 58 41 3 45 20
61 10 39 25 35 56 12 33 37 66 40 19
62 3 16 2 46
63 32 2 39 35 56 7 12 37 40 61 28 36 34 11 58 41 48 3 31 45 70 67 20 60 30 23 18 17 50 59 69 43 27
64 7 2 39 25 24 56 12 37
65 29 16 2 39 25 24 56 12 33 8 64 40 61 52 28 36 11 26 54 58 41 48 3 13 31 20 55 30 17 68
66 11 16 49 2 39 24 56 7 10 8 37 64
67 21 2 46 39 35 24 56 12 33 10 8 40 61 52 28 36 11 58 41 48 31 70
68 28 49 39 35 24 56 12 32 33 37 66 40 52 28 36 11 26 54 58 3 13 45 70 67 20 60 55 18 50
69 38 16 2 62 39 25 24 7 12 32 33 8 40 61 52 36 11 26 54 57 48 3 13 31 70 67 20 60 55 30 71 23 18 17 50 68 65 1 6
70 19 2 39 24 56 12 37 64 61 52 28 36 11 26 54 41 48 3 13 31
71 25 16 2 39 25 24 7 12 33 66 40 19 61 28 36 11 54 41 48 3 13 31 67 20 60 55

4 1
2 1 1

89 88
1 16 59 74 67 21 80 19 83 48 43 15 20 36 87 45 52 17
2 35 59 74 67 73 21 75 19 48 43 20 11 45 51 66 76 32 23 57 69 44 38 65 71 77 13 16 68 8 14 72 86 18 5 78 35
3 3 59 67 21
4 27 67 21 19 48 20 36 11 47 10 76 64 32 88 38 65 71 77 68 8 14 86 18 5 78 35 84 62
5 29 67 73 21 9 19 41 48 43 20 11 34 39 66 29 49 32 23 69 38 58 65 71 77 8 14 37 72 86 18
6 34 67 21 80 9 19 48 43 20 36 11 45 51 79 17 64 23 57 88 69 44 38 77 8 14 37 7 72 86 18 5 35 62 4 70
7 23 74 67 73 21 9 19 83 11 47 87 45 34 51 17 76 32 38 65 77 13 16 14 37
8 26 59 67 21 9 19 41 48 43 20 11 87 51 56 66 1 32 23 57 69 44 38 58 65 71 77 16
9 5 67 73 21 80 3
10 13 59 67 21 80 75 19 83 41 48 43 20 11 34
11 9 67 73 21 9 19 41 48 43 20
12 43 59 67 21 9 19 83 41 43 20 36 11 87 45 51 10 17 66 76 49 57 69 38 65 77 16 68 14 7 72 86 18 5 78 35 31 62 4 63 55 6 54 81 27
13 21 59 74 67 21 41 48 43 20 36 11 87 52 51 29 76 64 32 23 38 65 77
14 23 59 74 21 80 19 48 43 20 45 34 52 39 76 64 57 44 38 65 71 77 16 68 8
15 9 67 21 75 3 9 19 41 48 43
16 22 67 21 80 9 19 41 48 20 11 52 66 29 76 49 23 57 69 44 38 65 71 77
17 8 67 21 80 19 41 48 20 11
18 28 73 21 80 75 3 19 83 41 48 43 20 11 51 10 66 76 64 88 69 38 82 71 77 16 8 14 37 7
19 4 59 21 80 9
20 9 74 67 73 21 9 19 41 48 43
21 1 67
22 12 59 67 21 19 48 43 20 36 11 87 51 17
23 16 59 21 75 3 19 48 43 20 11 87 45 34 52 39 76 32
24 25 59 67 21 9 19 83 48 20 11 87 51 10 76 49 32 38 71 77 16 68 8 14 72 86 18
25 17 74 73 21 80 9 19 41 48 20 36 11 87 17 29 76 49 28
26 40 74 67 21 9 19 41 48 43 20 36 11 51 76 49 28 64 32 57 44 38 65 71 77 13 16 68 8 14 86 18 5 78 35 31 63 6 54 81 30 12
27 31 59 74 67 73 21 20 87 39 76 49 32 23 69 38 71 13 8 14 37 7 86 18 5 78 35 84 31 62 4 63 70
28 14 74 21 9 19 41 48 43 20 36 11 87 45 52 49
29 15 67 21 80 9 19 41 48 43 20 11 87 52 51 39 66
30 36 67 21 19 48 43 20 45 34 17 1 49 64 32 38 65 71 77 16 68 8 14 37 7 72 18 5 78 84 62 4 63 55 70 81 27 50
31 33 59 67 21 19 41 48 43 11 87 45 34 51 1 76 49 64 32 23 69 44 38 58 71 77 13 16 8 14 37 86 18 5 35
32 14 74 67 21 80 9 19 48 15 20 51 17 76 28 64
33 13 74 67 21 75 9 19 41 48 43 36 11 45 10
34 14 74 67 73 21 80 9 19 41 48 43 20 11 87 45
35 24 67 21 75 9 19 41 48 43 45 17 76 49 32 69 38 65 71 77 68 46 8 37 18 5
36 10 59 67 21 9 19 83 41 48 43 20
37 24 59 80 19 41 48 43 20 11 51 29 1 76 49 32 88 69 38 65 71 77 13 68 8 14
38 13 67 73 21 80 19 41 48 20 36 11 10 17 69
39 15 59 74 67 80 75 19 41 48 43 20 11 87 45 52 51
40 44 74 67 21 3 9 19 83 48 43 20 11 87 45 39 66 76 49 64 32 57 69 44 38 71 77 13 16 8 14 37 7 72 18 24 5 78 31 62 63 6 61 54 81 27
41 4 74 67 21 19
42 24 74 67 21 80 19 41 43 20 11 87 45 51 10 17 76 49 28 32 57 69 44 38 65 71
43 7 67 21 80 3 9 19 48
44 20 74 67 21 80 19 83 48 43 20 11 87 45 52 39 56 1 76 49 32 69
45 14 74 67 21 80 9 19 83 41 48 43 20 36 11 87
46 24 59 67 73 21 80 75 9 19 48 20 11 45 51 39 17 1 76 49 32 23 69 38 71 77
47 12 59 74 67 21 9 19 83 48 43 20 36 11
48 4 67 21 19 41
49 11 59 74 67 21 19 41 48 43 11 51 76
50 34 74 67 73 21 9 19 48 43 20 11 45 56 17 29 76 57 69 44 38 71 77 16 68 8 14 37 7 5 62 4 70 54 81 27
51 11 67 21 9 19 83 48 43 20 36 11 87
52 12 59 67 21 80 9 19 83 48 43 20 87 45
53 32 67 21 3 19 41 48 36 11 47 87 45 52 51 66 29 76 49 32 44 38 58 65 71 77 13 16 8 14 7 18 5 35
54 34 59 74 73 21 80 9 19 43 20 11 34 66 76 49 23 57 69 38 65 71 77 16 8 14 7 86 18 5 78 53 62 63 55 70
55 36 73 21 80 75 9 19 83 48 43 20 11 47 87 17 76 64 32 57 69 38 65 71 77 16 68 46 8 14 37 7 72 18 5 35 31 63
56 18 74 67 73 21 80 9 19 41 48 20 36 11 47 87 45 34 52 39
57 17 59 74 21 80 3 9 19 48 20 11 52 51 17 29 76 49 64
58 20 67 73 21 80 9 19 48 20 11 87 34 52 51 10 66 76 64 57 69 38
60 41 74 67 21 80 19 48 43 20 11 87 51 39 56 17 76 32 57 69 44 38 58 65 71 77 16 68 8 14 72 18 5 78 35 84 62 63 70 6 54 81 27
61 38 74 67 21 80 9 19 83 41 48 20 36 11 47 87 34 51 29 76 49 64 32 69 44 38 65 71 77 16 68 8 14 7 18 5 2 63 70 6
62 32 59 67 73 21 9 48 43 20 36 11 45 51 17 76 28 69 44 38 65 71 77 13 16 68 46 8 14 7 18 5 78 84
63 39 67 73 21 3 19 48 43 20 11 47 52 51 39 17 49 28 64 32 57 44 38 58 65 71 77 13 68 46 8 14 37 7 72 18 5 78 35 84 62
64 18 59 74 67 73 21 80 19 48 43 15 20 11 47 87 52 17 1 76
65 18 59 67 80 9 19 48 43 20 11 45 39 29 76 49 69 44 38 58
66 13 59 74 73 75 9 19 83 48 20 11 87 45 52
67 1 74
68 20 67 73 21 19 41 20 36 11 51 17 49 28 64 32 23 69 44 38 71 16
69 18 67 73 21 9 19 48 20 11 45 52 17 66 29 1 76 32 23 88
70 36 74 67 73 21 80 19 41 48 20 36 11 87 51 39 17 1 76 49 57 69 38 65 71 77 16 68 8 14 37 7 86 35 31 62 63 55
71 23 67 21 80 75 9 19 41 48 20 36 11 87 52 51 39 76 64 32 69 44 38 58 65
72 30 67 73 21 80 75 9 19 83 41 48 43 20 11 51 39 76 28 64 32 57 44 38 65 71 77 16 68 8 14 37
73 3 59 74 67
74 1 59
75 1 21
76 16 59 74 67 21 80 19 41 48 20 11 34 52 51 10 66 29
77 16 59 21 80 19 83 48 20 11 52 29 32 57 38 58 65 71
78 30 74 67 80 19 48 20 11 47 87 10 39 17 66 76 49 64 32 44 38 58 71 77 13 16 68 8 14 37 7 18
79 9 67 21 80 19 83 48 20 34 51
80 3 59 67 21
81 40 67 21 75 3 83 41 48 43 20 11 87 52 51 56 17 22 49 32 57 69 38 65 71 77 16 68 8 14 37 7 72 86 18 5 78 35 31 62 70 54
82 19 67 73 21 9 19 83 41 48 43 20 11 87 34 52 51 17 57 69 38
83 6 59 74 67 73 3 19
84 29 74 67 21 9 41 48 43 20 36 11 87 52 51 39 17 76 49 28 32 44 38 65 71 77 13 68 8 14 5
85 45 59 74 67 73 21 80 75 19 48 43 20 11 45 10 17 49 23 38 58 71 77 13 8 14 37 7 72 86 18 24 5 78 35 53 63 55 70 6 61 54 81 27 50 30 12
86 29 67 21 9 19 83 41 48 20 11 47 87 51 10 39 17 1 76 57 69 38 65 71 77 13 16 8 14 7 72
87 7 67 21 19 48 43 20 11
88 17 59 67 21 80 75 9 19 41 48 43 11 10 29 76 32 23 57
89 37 74 67 21 3 9 19 43 20 11 87 52 51 17 76 49 64 88 38 71 77 16 68 8 86 5 78 35 84 63 55 70 6 54 81 27 50 12

44 39
1 23 42 36 14 6 40 35 16 38 9 8 11 34 13 41 23 22 27 30 33 3 7 10 17
2 17 36 14 6 12 35 9 8 13 25 23 30 3 28 7 24 17 43
3 13 42 36 14 35 9 8 11 18 34 13 23 27 30
4 9 42 6 35 38 9 8 11 18 13
6 3 39 36 14
7 16 36 14 6 35 38 9 31 8 34 4 27 15 33 3 32 28
8 6 39 6 35 38 9 31
9 4 36 6 35 38
10 17 36 14 6 12 35 9 8 18 34 13 4 23 27 30 3 28 7
11 7 36 6 35 38 9 31 8
12 3 39 36 6
13 9 36 6 12 35 9 31 8 11 34
14 1 5
15 13 36 29 6 35 38 9 8 11 34 13 23 26 30
16 4 36 6 12 35
17 13 36 6 35 18 34 13 4 23 27 30 28 7 24
18 6 6 12 35 9 8 11
19 24 36 29 6 35 38 8 11 18 34 13 25 4 23 27 30 33 3 32 37 10 24 17 20 43
20 21 6 12 35 38 8 18 34 13 4 23 26 27 30 15 3 28 7 37 10 24 1
21 12 5 36 14 6 35 9 18 34 13 23 27 30
22 12 39 6 40 35 38 9 8 11 18 34 13 4
23 14 39 5 14 6 40 12 35 9 8 11 18 34 13 25
24 19 6 12 35 38 31 8 11 18 34 13 23 27 30 15 33 28 7 37 10
25 11 42 36 29 6 35 38 31 8 18 34 13
26 13 42 6 35 38 9 31 8 11 18 34 13 4 23
27 9 6 35 9 8 11 34 13 4 23
28 18 42 36 14 6 12 35 9 8 18 34 13 23 26 27 30 15 33 3
29 2 5 36
30 8 36 6 35 38 31 8 13 23
31 4 36 6 12 35
32 21 42 36 6 12 35 38 9 31 8 34 13 25 4 23 22 26 27 30 15 33 3
33 15 36 29 6 35 38 9 31 8 18 34 13 4 23 26 30
34 8 36 29 6 40 35 9 8 18
35 5 39 5 14 6 12
37 12 6 40 35 9 8 13 23 26 27 30 3 7
38 4 36 6 12 35
40 1 6
41 11 42 44 36 6 12 35 38 9 18 34 13
43 17 5 36 6 12 35 38 11 34 13 23 30 33 7 37 10 24 17

32 29
1 18 3 20 24 12 15 8 30 25 17 2 13 7 32 5 29 16 18 26
2 8 24 12 14 15 8 27 25 23
4 2 3 14
5 11 12 14 4 15 8 25 23 17 2 10 7
6 4 20 12 15 27
7 10 3 24 14 8 27 25 2 10 22 21
8 5 3 20 24 14 15
9 13 24 14 15 8 6 25 23 17 2 5 29 16 26
10 6 3 15 8 25 23 2
11 8 4 15 8 25 23 10 22 7
13 5 20 24 15 25 23
14 2 20 24
15 1 14
16 11 3 24 12 15 27 25 23 2 10 7 11
17 6 24 15 8 30 27 25
18 10 24 15 8 23 13 10 21 11 29 16
19 11 3 24 15 30 25 23 11 29 16 26 9
21 8 24 15 8 25 23 17 2 22
22 5 24 12 4 27 25
23 6 3 24 14 15 27 25
24 1 20
25 5 24 12 14 15 30
26 11 24 15 8 25 23 10 22 32 29 16 18
27 5 24 12 4 15 8
28 11 24 15 25 23 17 22 5 29 16 26 9
29 7 24 4 15 8 23 2 32
30 4 3 24 15 8
31 13 24 12 15 8 23 17 2 13 11 5 29 16 26
32 10 20 24 12 15 27 25 23 17 2 21

49 47
1 20 24 33 23 40 49 20 7 39 18 13 4 6 28 48 10 36 27 29 22 31
2 13 24 33 23 40 49 7 39 5 18 19 16 35 43
3 2 24 33
4 10 24 40 7 45 18 34 43 2 26 13
5 6 24 33 40 49 7 39
6 13 24 40 49 7 5 12 18 15 35 43 2 13 46
7 5 24 33 23 40 49
8 20 32 24 33 40 49 7 39 12 45 18 35 26 6 48 30 10 36 29 22 31
9 10 24 33 23 40 49 7 45 18 19 35
10 14 24 23 40 49 7 18 15 43 4 44 6 28 48 30
11 13 24 33 40 49 20 7 39 12 45 18 34 26 46
12 4 24 33 40 7
13 16 32 24 33 23 3 40 49 20 7 12 45 18 19 35 43 2
14 14 24 40 49 39 12 18 34 35 26 13 46 4 6 48
15 6 24 40 7 12 45 18
16 8 24 33 23 40 49 39 45 18
17 16 24 33 40 49 7 39 12 45 18 34 15 43 28 48 10 36
18 8 24 33 40 49 20 7 12 45
19 9 24 33 40 49 20 7 39 45 18
20 4 24 33 40 49
21 15 24 40 49 20 7 12 18 34 26 4 6 25 28 48 30
22 21 24 33 42 40 49 7 39 12 18 19 43 13 6 28 48 14 30 10 36 17 29
23 2 24 33
25 15 32 24 33 23 40 49 7 39 12 18 34 13 11 44 6
26 11 24 33 40 7 39 45 18 19 34 15 35
27 20 24 33 23 47 40 7 39 5 12 34 43 13 4 6 25 48 14 30 10 36
28 12 24 40 49 7 39 45 18 19 2 13 4 6
29 17 24 33 40 49 7 5 45 18 34 35 43 6 25 48 30 36 17
30 12 24 33 40 49 7 39 18 16 34 44 6 48
31 22 24 33 40 49 7 12 45 18 19 34 15 35 43 11 28 48 10 36 17 27 29 37
33 1 24
34 8 24 40 49 7 39 12 45 18
35 9 24 33 40 49 7 39 12 18 16
36 18 24 23 40 49 20 7 5 18 34 15 35 43 2 13 6 48 30 10
37 22 24 33 23 47 40 49 20 7 12 18 16 15 35 6 48 30 10 36 17 27 29 22
38 29 24 33 23 40 49 20 7 39 45 18 16 34 15 35 43 46 4 6 28 30 21 10 36 17 27 29 31 8 41
39 7 24 33 23 40 49 20 7
40 3 24 33 23
41 21 24 33 23 40 7 39 18 35 2 26 46 6 48 30 10 36 17 27 29 37 31
42 1 24
43 10 24 23 40 49 7 39 5 18 16 34
44 12 24 23 47 40 49 7 45 18 43 13 46 11
45 8 32 24 33 3 40 49 7 39
46 11 24 33 40 49 7 5 18 34 43 26 13
47 2 24 23
48 18 24 33 40 49 7 39 45 18 19 16 34 15 35 43 26 13 6 28
49 4 24 33 3 40

49 46
1 7 12 5 16 21 43 25 49
2 18 36 5 16 34 28 43 25 49 1 35 40 47 38 15 44 17 26 6
3 24 18 12 16 25 49 35 46 40 38 20 48 15 44 31 17 6 2 29 42 4 11 10 30 24
4 23 5 16 28 43 25 49 1 9 35 46 40 47 20 48 15 27 44 17 6 2 29 7 42
5 3 18 12 36
6 14 12 36 28 43 25 9 46 47 38 20 15 27 17 26
7 15 16 28 43 49 1 9 46 40 20 15 44 17 6 2 29
8 21 36 5 16 28 43 25 49 1 38 20 48 15 27 17 6 29 7 11 24 3 13
9 6 36 5 16 43 49 1
10 18 12 5 16 28 21 43 25 49 9 38 20 15 27 44 31 17 6 7
11 20 18 12 5 28 43 25 49 1 38 20 48 15 27 44 17 26 6 29 7 4
13 22 36 5 16 28 43 49 1 46 40 47 20 48 15 27 17 26 6 29 4 11 10 30
14 23 12 5 16 21 43 25 40 47 38 20 15 17 26 6 29 4 10 30 24 13 8 19 32
15 11 12 36 5 16 28 25 49 47 38 20 48
16 3 12 36 5
17 11 12 36 16 28 25 49 1 47 20 15 27
19 25 12 36 28 49 1 9 35 46 38 20 48 15 27 17 26 6 29 7 11 10 30 24 3 13 8
20 10 12 5 28 43 25 1 9 40 47 38
21 3 36 16 28
22 14 36 5 28 43 49 1 35 46 47 20 48 15 27 31
23 22 12 16 28 43 49 1 46 47 20 48 15 31 6 2 29 7 42 4 10 30 13 8
24 23 12 36 5 34 28 21 43 25 49 1 35 40 47 38 20 48 15 17 6 29 7 11 10
25 3 12 28 43
26 13 36 28 49 1 9 35 46 40 47 38 20 15 17
27 10 16 28 43 25 1 40 47 38 20 15
28 2 36 16
29 20 12 36 5 16 28 43 25 49 1 35 46 40 47 20 48 15 31 17 6 2
30 20 12 36 16 28 43 25 49 1 9 40 47 20 48 15 17 6 2 29 4 11
31 12 12 5 21 43 25 49 1 47 38 20 15 44
32 26 12 36 16 28 43 1 9 35 46 47 20 15 27 31 17 26 29 7 4 11 10 30 24 13 8 19
33 20 12 28 43 25 1 35 40 20 48 15 44 31 17 2 29 11 10 3 13 8
34 1 5
35 8 18 12 36 16 28 43 49 1
37 30 12 36 16 28 43 25 49 1 9 35 40 38 20 15 27 17 22 6 2 29 7 4 11 30 24 3 13 8 19 32
38 12 18 12 36 28 21 43 25 49 1 35 40 47
39 18 18 5 16 28 43 25 49 1 47 38 20 15 27 31 17 6 2 29
40 9 12 36 5 16 43 49 1 9 46
41 16 36 16 28 49 1 35 40 47 20 15 27 44 17 22 29 7
42 20 12 36 5 34 28 43 25 49 1 9 46 40 47 38 20 48 15 17 6 29
43 3 5 16 28
44 13 12 36 16 28 43 25 49 1 35 46 40 20 15
45 23 36 5 28 43 49 9 35 40 20 48 15 27 17 29 42 11 10 30 24 3 13 19 23
46 12 18 12 36 5 16 28 43 25 49 1 9 35
47 7 12 36 5 16 28 25 40
48 15 18 12 5 28 43 25 49 1 9 35 46 40 47 38 20
49 6 12 36 16 34 28 43

43 41
1 15 26 30 36 23 19 25 14 42 28 38 5 16 10 24 4
2 22 9 30 39 36 23 25 31 14 42 28 38 5 16 10 24 22 4 11 13 32 33 6
3 17 30 34 25 14 42 28 38 5 16 24 4 11 13 32 33 6 43
4 13 26 30 36 23 25 14 42 28 38 5 16 10 24
5 10 7 26 30 39 23 31 14 42 28 38
6 20 30 39 36 23 25 31 14 42 28 17 38 16 10 24 4 27 11 13 35 33
8 9 30 34 36 23 25 14 42 17 38
9 1 7
10 9 30 36 25 14 42 28 38 5 16
11 18 26 30 34 36 23 31 14 42 28 17 38 5 16 10 24 4 41 18
12 20 30 36 25 14 42 28 17 38 16 24 4 1 18 11 13 32 6 2 43 21
13 18 9 26 30 34 23 25 31 14 42 28 38 8 16 24 4 1 40 11
14 7 9 30 34 36 23 25 31
15 24 7 30 36 23 25 31 42 28 17 38 5 16 22 4 1 41 11 13 32 6 2 43 21 20
16 8 30 36 23 25 14 42 38 5
17 11 9 30 34 39 36 23 25 31 14 42 28
18 16 30 34 39 36 19 25 31 14 42 28 17 38 16 10 4 27
19 2 30 36
20 20 30 34 36 23 25 42 38 5 16 10 24 22 11 13 32 6 2 43 3 21
21 18 30 34 36 23 25 31 14 42 28 38 16 24 1 27 11 13 6 43
22 12 26 30 36 23 14 42 28 17 38 16 10 24
23 3 9 30 36
24 12 26 30 34 36 23 25 31 14 42 28 38 16
25 6 7 26 30 34 36 23
27 13 30 34 36 23 25 14 42 28 38 5 16 24 4
28 10 9 26 30 39 36 23 25 31 14 42
29 22 7 26 30 34 39 36 23 14 42 28 17 38 5 16 22 4 1 27 40 11 13 32
30 1 7
31 4 30 39 23 25
32 18 7 26 30 34 39 36 23 14 42 28 38 16 24 22 1 41 11 13
33 17 30 34 36 23 25 31 14 42 28 38 8 5 16 4 11 13 32
34 1 30
35 15 30 36 23 14 42 38 5 16 10 24 41 18 11 13 32
36 1 30
37 25 26 30 34 36 23 25 31 14 42 28 17 38 8 5 16 10 4 27 11 32 6 43 3 21 20
38 11 7 30 39 36 23 25 31 14 42 28 17
39 3 26 30 34
40 18 9 26 30 36 23 25 14 42 28 38 8 5 16 24 22 4 1 18
41 11 30 36 23 14 42 28 38 16 10 24 4
42 7 7 30 34 36 25 31 14
43 22 9 26 30 36 23 25 31 14 42 28 38 16 10 24 22 4 41 11 13 32 6 2

76 73
1 26 34 61 62 65 6 47 26 52 36 56 29 70 40 18 44 3 66 23 14 50 57 48 16 4 24 67
2 35 34 46 12 62 17 71 76 65 26 52 36 70 37 18 3 66 23 54 13 50 69 48 16 58 24 67 1 75 28 9 73 68 25 31 41
3 17 46 12 61 55 62 65 6 47 26 52 36 56 70 37 40 18 44
4 21 12 61 55 62 71 65 47 26 36 37 18 44 39 27 60 66 23 50 48 16 10
5 38 34 35 12 55 62 71 65 47 26 52 56 37 44 39 3 60 66 23 54 69 48 16 10 4 75 63 33 9 73 30 68 25 22 21 31 41 2 15
6 6 34 46 8 62 71 65
7 30 46 12 8 61 62 71 65 26 32 52 36 56 70 18 44 3 60 66 23 14 57 69 48 58 24 67 63 9 73 30
8 1 35
9 26 46 12 8 55 62 65 47 26 52 36 20 56 70 37 44 3 54 69 48 16 10 24 75 63 74 28
10 20 46 61 55 62 26 52 36 56 37 40 18 44 3 60 66 23 54 57 48 16
11 40 46 61 55 62 17 71 65 26 52 36 70 37 40 18 44 39 3 27 66 23 14 13 50 48 16 10 4 67 1 75 63 74 9 73 68 25 21 31 41 2
12 1 46
13 17 46 12 55 62 71 65 47 26 52 36 56 37 18 44 3 60 23
14 19 12 8 61 62 71 65 47 26 32 52 36 56 70 18 44 3 27 60 23
15 36 34 35 8 61 55 62 17 71 6 47 52 36 37 18 44 3 27 60 66 23 57 48 16 10 67 1 63 74 28 19 9 73 68 25 41 2
16 19 46 8 61 55 62 17 26 52 36 56 70 44 3 60 66 23 54 13 48
17 6 34 35 12 8 55 62
18 12 8 59 61 55 62 71 26 32 52 36 56 37
19 34 35 12 8 59 61 55 62 17 65 6 47 26 32 52 36 56 70 37 18 44 3 27 66 13 50 69 48 16 10 67 1 75 74 28
20 11 46 12 61 55 62 71 47 26 32 52 36
21 27 12 62 47 26 52 36 20 56 37 40 18 44 39 3 27 23 54 50 16 4 67 1 63 74 9 68 22
22 29 34 12 8 55 62 71 76 65 6 26 32 52 36 56 37 44 3 27 23 14 48 16 10 24 63 33 9 73 25
23 13 12 55 62 71 26 52 36 56 37 18 44 3 60
24 23 34 35 61 55 62 65 6 47 26 36 56 37 18 44 39 3 60 66 54 69 48 16 4
25 29 34 46 12 61 55 62 65 26 52 36 40 18 44 3 27 66 50 48 16 24 67 1 75 63 19 9 73 30 68
26 5 12 8 55 62 47
27 15 61 55 62 71 65 6 26 52 36 56 70 40 44 3 45
28 29 34 35 12 61 62 17 71 65 47 26 52 36 56 29 70 44 3 27 60 66 23 54 48 10 4 24 67 63 74
29 11 8 55 62 71 65 47 26 32 52 36 56
30 32 34 46 12 61 62 65 6 47 26 52 36 56 70 37 44 3 27 60 66 23 50 69 48 16 10 4 24 67 63 19 9 73
31 36 35 12 61 55 62 71 65 47 26 52 36 56 37 40 18 44 3 27 23 54 48 16 10 24 67 1 75 72 33 74 28 9 68 25 22 21
32 7 12 8 55 62 65 6 26
33 22 35 8 62 65 6 26 52 18 44 39 3 27 23 54 13 69 48 16 10 67 1 63
36 10 12 8 55 62 17 71 65 47 26 52
37 12 8 59 61 62 53 6 47 26 32 52 36 70
38 18 34 46 55 62 71 65 47 26 52 36 70 37 18 44 3 27 60 23
39 13 12 8 55 62 17 47 26 52 36 56 70 18 44
40 11 8 62 17 71 47 26 52 36 56 70 37
41 34 46 12 8 61 62 71 65 47 26 52 36 56 37 18 44 3 45 66 23 14 69 48 16 4 58 67 63 74 9 73 30 68 21 31
42 37 34 55 62 71 65 47 26 32 52 36 70 18 44 3 45 27 60 23 13 50 57 69 48 16 10 67 63 33 9 73 68 25 21 41 2 15 11
43 28 46 61 62 6 26 52 36 56 37 40 18 44 3 27 60 23 54 48 16 10 24 63 33 74 28 9 68 25
44 17 35 12 8 59 61 62 71 65 6 47 26 52 36 56 70 37 18
45 16 34 12 8 62 17 65 6 47 26 36 56 70 40 18 44 3
47 5 46 8 55 62 53
48 25 35 46 12 8 55 62 71 65 6 26 32 52 36 56 70 40 18 3 27 60 66 23 54 13 69
49 37 34 12 61 55 62 65 47 32 52 36 70 37 18 44 39 3 27 60 66 23 13 50 57 48 10 24 67 1 72 28 9 73 68 25 43 22 31
50 23 35 46 12 8 59 61 55 62 71 6 47 26 52 36 29 37 18 44 39 3 60 23 13
51 37 46 12 8 61 55 62 17 71 76 47 26 52 36 70 37 44 3 27 60 66 23 57 69 48 10 67 1 63 28 9 73 25 22 31 49 41 15
52 9 34 61 62 17 71 65 6 26 32
53 2 62 65
54 19 12 8 61 55 62 17 47 26 32 52 36 56 70 37 18 44 3 60 23
55 3 46 8 61
56 11 35 12 8 62 17 65 6 47 26 52 36
57 22 34 35 12 8 59 61 62 17 76 65 6 47 26 52 36 56 37 18 44 3 27 66
58 23 34 46 12 8 61 55 62 65 26 32 52 36 56 37 44 3 27 23 69 48 16 10 4
59 3 46 12 8
60 11 35 8 55 62 76 26 52 36 70 18 44
61 1 8
62 4 34 46 8 55
63 25 12 61 55 62 71 65 6 26 32 52 36 56 37 44 39 3 27 60 66 50 69 48 10 67 1
64 34 8 61 62 71 47 26 32 52 36 56 70 40 18 44 3 60 23 54 69 16 24 67 75 63 33 28 9 73 21 31 41 15 5 11
65 8 34 35 12 8 61 55 62 71
66 19 8 55 62 71 65 53 26 52 36 56 29 70 40 18 44 39 3 27 60
67 26 34 12 8 59 61 62 17 65 6 26 32 36 70 37 40 44 3 27 66 23 54 57 69 48 10 4
68 29 35 46 8 55 62 17 71 6 26 52 36 56 70 18 44 3 60 66 23 57 48 10 4 24 67 72 33 28 9
69 26 34 46 12 61 55 62 71 65 47 26 52 36 56 29 70 37 18 44 3 27 60 66 23 14 50 57
70 12 35 12 8 61 55 62 71 65 47 26 52 36
71 7 34 46 12 8 55 62 17
72 26 35 46 12 8 61 55 62 71 6 26 52 36 56 40 44 39 3 27 23 54 14 48 16 24 67 75
73 26 35 12 61 62 71 6 47 26 32 52 36 20 37 40 44 3 27 23 54 69 48 10 75 63 28 9
74 19 8 55 62 65 47 26 52 36 70 37 18 44 3 23 48 16 10 67 63
75 23 34 35 59 61 62 65 47 26 32 36 70 37 18 44 3 23 54 13 48 16 10 24 1
76 5 12 8 55 62 71

60 57
1 12 21 45 17 30 36 59 20 8 47 53 50 4
2 21 28 17 60 57 30 36 59 20 6 8 34 53 5 50 4 1 11 49 10 16 32
3 11 9 17 60 30 59 20 19 8 51 22 53
4 13 9 17 60 30 36 59 20 8 47 22 53 5 50
5 10 9 17 30 31 59 20 8 47 22 53
6 9 9 21 17 60 57 30 36 59 20
7 5 9 21 45 17 30
8 9 9 17 60 30 58 36 7 20 6
10 13 9 21 30 59 20 8 34 22 53 5 3 4 42
11 15 28 9 21 43 17 30 59 20 6 8 51 41 4 42 1
12 26 9 45 17 30 36 59 20 8 51 34 47 22 53 5 41 4 1 11 10 32 2 54 33 25 55 13
13 22 9 43 45 17 36 59 20 6 8 47 22 5 4 1 11 16 32 27 15 24 33 25
14 22 28 9 21 17 36 59 20 8 34 22 53 4 1 10 18 2 39 27 35 24 33 25
15 22 28 9 21 17 30 46 59 20 19 8 51 34 47 22 53 50 4 1 16 32 2 39
16 19 28 9 17 30 36 31 59 20 8 34 22 53 5 50 41 4 11 49 10
17 3 28 9 45
18 16 28 9 17 30 7 59 20 8 51 34 53 3 4 42 1 10
19 7 9 21 17 36 59 20 6
20 8 28 9 21 17 60 57 30 59
22 14 28 45 17 60 57 30 58 7 31 59 20 6 8 51
23 28 9 17 30 36 7 59 20 8 51 47 22 53 5 50 4 10 39 27 15 35 54 24 33 14 55 13 12 37
24 19 9 17 30 36 59 20 8 51 34 53 5 4 1 10 16 27 15 35 54
25 22 9 45 17 60 30 59 20 8 34 5 50 4 1 10 16 32 2 39 15 35 54 33
26 17 9 45 17 60 30 36 7 59 20 19 8 51 53 50 4 42 1
27 19 9 21 17 30 36 59 20 8 34 47 22 5 3 11 49 10 16 2 39
29 9 9 17 30 7 59 20 8 51 34
30 3 9 17 57
31 6 9 21 17 60 30 58
32 15 9 17 7 59 20 6 8 22 53 5 4 1 49 10 16
33 24 9 21 17 60 30 36 7 59 20 8 34 47 22 53 5 4 1 10 18 2 39 27 35 54
34 9 28 9 17 30 7 59 20 6 8
35 22 9 17 60 30 36 46 59 20 8 51 47 22 53 5 50 41 4 42 10 18 32 15
36 4 28 9 21 17
37 31 9 21 43 17 60 57 30 36 59 20 8 51 47 22 53 50 41 4 42 1 10 18 32 2 15 35 33 25 14 55 12
38 29 28 9 21 17 30 58 59 20 8 34 47 22 53 4 1 10 16 18 32 15 35 54 24 33 48 25 55 12 40
39 21 9 21 17 60 57 30 59 20 6 8 51 34 22 53 5 4 1 26 10 16 32
40 22 28 9 21 43 17 30 59 20 8 34 47 5 41 4 10 32 15 35 54 14 55 13
41 18 9 21 45 17 60 57 30 36 46 59 20 6 8 51 22 53 5 50
42 12 21 45 17 7 59 20 6 8 34 47 53 4
43 2 9 21
44 29 9 21 45 17 60 30 59 20 6 8 47 22 53 5 50 4 1 10 16 32 2 35 54 24 33 25 55 12 38
45 2 28 9
46 5 28 9 45 17 30
47 9 9 17 60 30 7 59 20 8 34
48 22 21 17 30 58 36 7 59 20 6 8 47 53 50 4 1 10 16 2 27 35 54 33
49 14 9 17 30 59 20 6 8 22 53 5 50 4 1 11
50 17 45 17 30 58 36 7 46 59 20 6 8 51 34 29 22 53 5
51 10 28 9 21 17 30 36 59 20 6 8
52 30 28 9 43 17 30 36 46 59 20 8 51 47 22 53 5 50 4 1 26 2 39 35 54 24 33 48 25 14 55 12
53 11 9 43 17 30 46 59 20 6 8 51 22
54 21 9 45 17 30 36 59 20 6 8 51 34 22 53 1 49 10 16 32 2 15 35
55 25 9 43 17 57 30 20 8 51 34 22 53 5 50 4 1 10 16 18 32 2 35 54 24 33 25
56 24 9 43 17 30 59 20 8 51 34 47 22 53 5 4 1 10 2 27 15 35 24 33 25 55
57 3 21 17 60
58 3 9 17 60
59 6 9 21 17 30 58 46
60 2 9 17

95 92
1 19 30 2 66 11 67 73 59 39 63 7 5 10 13 64 3 65 83 53 95
3 13 66 11 67 73 59 63 34 7 10 13 77 38 89
4 15 67 73 59 7 79 5 10 6 13 64 15 51 89 3 65
5 9 2 66 67 44 73 59 63 7 79
6 7 30 67 73 59 7 86 10
7 5 11 44 73 59 34
8 11 66 11 67 44 73 59 39 34 79 5 10
9 24 67 44 73 59 39 55 5 10 16 13 84 89 83 22 28 95 1 54 32 57 47 94 18 82
10 12 30 66 11 67 44 73 59 39 63 7 86 5
11 1 66
12 37 66 11 67 44 73 59 55 34 10 52 13 64 15 84 38 51 89 83 95 40 1 54 32 41 70 57 24 25 58 94 82 26 93 33 61 88 17
13 6 66 73 59 39 34 10
14 11 66 67 73 59 39 63 7 5 10 16 13
15 12 66 11 73 59 39 7 5 10 8 37 68 13
16 9 66 11 67 44 73 59 39 86 10
17 36 66 67 44 73 59 63 55 7 86 10 8 16 52 13 77 51 83 22 28 95 40 1 54 32 70 76 25 94 75 82 9 27 26 93 33 61
18 22 30 66 67 73 39 7 10 16 68 13 92 89 3 83 95 1 54 69 41 24 94 75
19 36 66 67 44 73 59 39 63 7 5 10 68 13 14 51 92 83 1 54 32 69 70 24 58 50 27 26 93 33 61 88 17 12 90 72 31 60
20 32 66 67 73 59 39 5 10 16 68 13 14 77 38 51 3 65 83 71 1 54 41 76 24 25 43 47 94 75 82 26 93 33
21 39 30 11 44 73 39 55 34 7 79 5 10 6 52 13 64 51 89 3 53 28 95 1 54 32 76 24 25 47 94 75 26 93 33 87 61 12 90 72 31
22 22 67 44 73 59 39 63 55 7 5 10 16 37 52 13 14 77 84 38 89 3 65 4
23 46 2 66 11 67 73 59 39 7 5 10 8 37 68 52 13 14 84 51 89 83 32 69 41 70 76 24 25 94 75 82 9 27 93 33 87 17 12 90 72 31 42 45 60 19 21 56
24 18 30 66 67 59 39 63 34 7 86 10 13 14 64 65 83 95 54 32
25 22 66 67 44 73 59 39 34 10 68 13 51 89 65 4 83 48 28 95 54 69 41 24
26 33 67 44 73 59 39 63 7 5 10 8 16 6 68 13 64 15 92 89 3 65 83 22 1 54 32 41 76 24 43 58 47 9 27
27 33 30 2 67 73 59 39 63 55 7 10 16 74 13 64 15 38 51 85 83 53 22 95 1 54 32 69 41 70 24 25 47 94 75
28 25 30 66 11 67 73 59 39 63 34 7 5 10 6 37 68 13 14 64 15 84 92 89 65 83 22
29 50 2 66 67 44 73 59 39 63 34 5 10 8 52 13 14 64 77 51 83 95 54 32 41 70 76 24 25 58 94 75 49 18 82 27 26 93 33 61 88 17 12 90 72 31 60 91 46 56 35 23
31 37 66 67 59 39 34 7 5 10 6 68 52 13 15 38 51 89 3 4 83 53 71 54 32 69 70 76 24 47 9 27 26 93 61 88 17 12 90
32 19 66 44 73 59 63 7 5 10 8 68 13 15 38 65 4 53 22 40 54
33 36 30 11 67 73 59 39 63 7 5 10 8 6 37 74 13 15 38 51 89 65 83 53 95 71 54 32 41 24 25 58 94 75 18 27 26 93
34 7 66 11 67 44 73 59 63
35 46 30 2 66 67 73 59 39 10 68 13 14 64 89 83 28 95 1 32 41 70 57 24 25 94 75 18 82 9 27 26 93 33 87 61 88 17 78 12 90 72 31 91 19 21 46 56
36 29 66 67 44 73 39 86 8 52 13 64 15 84 89 83 22 54 32 70 76 24 47 94 75 18 82 93 33 61 17
37 10 30 67 44 73 59 39 34 5 10 8
38 14 30 2 67 44 73 59 63 34 79 10 68 13 64 84
39 6 30 2 66 44 73 59
40 19 66 67 73 59 39 55 7 79 5 10 13 64 38 51 65 83 53 22 95
41 22 30 2 67 73 63 7 10 68 52 13 14 64 15 77 51 4 83 48 28 1 54 32
42 44 66 67 73 59 39 63 7 5 10 16 68 13 64 15 51 85 65 4 83 22 28 95 71 54 32 69 41 76 24 43 58 94 82 26 93 33 87 61 88 17 78 12 72 31
43 30 67 73 59 39 63 7 79 5 10 16 6 37 13 14 77 51 92 89 3 65 53 28 71 1 54 32 41 70 24 25
44 2 2 11
45 39 30 2 67 44 73 39 63 55 7 86 5 10 16 6 52 13 64 92 89 95 54 32 69 41 76 24 58 47 94 75 26 93 33 87 61 17 12 90 72
46 42 66 44 59 39 63 7 5 10 68 13 77 84 38 89 3 65 83 53 28 95 71 54 32 41 70 24 94 18 82 9 27 26 93 33 88 17 12 72 60 91 19 21
47 27 30 66 11 67 44 73 59 39 55 7 5 10 8 16 37 13 14 84 83 95 1 54 41 70 76 24 58
48 20 66 44 73 39 7 79 5 10 16 37 68 13 64 77 84 38 51 89 3 65
49 25 66 73 59 39 7 79 5 10 8 16 52 13 84 89 65 4 83 54 70 24 25 43 58 94 75
50 26 66 67 44 73 59 39 63 55 34 7 5 74 13 51 83 22 71 1 54 32 70 76 24 25 94 75
51 13 66 44 73 59 39 63 7 5 10 52 13 14 64
52 9 2 67 44 73 39 55 7 5 10
53 19 66 67 44 73 59 39 34 7 79 5 10 8 16 68 13 51 89 65 83
54 22 30 11 67 44 59 39 7 5 10 16 37 68 13 14 64 84 51 89 65 83 95 1
55 4 67 73 39 63
56 47 66 67 73 59 39 63 55 7 5 10 6 68 13 14 64 38 51 3 65 83 22 95 71 1 54 32 76 24 75 18 82 9 27 26 93 33 87 61 88 17 12 90 72 31 42 60 46
57 26 2 66 11 67 73 59 39 86 5 10 52 74 13 64 15 84 38 92 3 22 28 95 71 54 41 76
58 25 66 44 73 59 39 55 7 10 8 6 13 14 64 84 89 83 22 28 95 54 32 76 24 25 43
59 3 66 44 73
60 36 66 73 59 39 34 5 10 6 52 13 77 84 89 22 28 71 1 54 41 70 24 94 50 82 27 26 93 33 87 61 17 36 90 72 42 45
61 38 66 67 44 73 59 63 55 7 79 5 10 52 13 14 64 15 51 92 89 65 4 83 53 95 54 32 76 57 24 94 18 82 9 27 26 93 33 87
62 40 30 2 66 73 59 39 55 34 7 79 10 16 13 14 15 84 38 51 65 71 1 54 32 41 70 57 24 25 94 75 26 93 33 87 61 88 17 12 72 31
63 7 66 11 67 44 73 59 39
64 14 66 67 73 59 39 34 7 79 5 10 8 6 68 13
65 21 2 67 44 73 59 39 63 55 34 7 5 10 8 37 68 52 13 77 84 92 89
67 4 30 2 66 11
68 12 2 66 44 73 59 39 34 7 86 79 5 10
69 18 67 44 73 59 7 10 16 68 13 14 84 38 89 65 83 22 54 32
70 25 30 2 67 44 73 59 39 63 79 10 68 13 64 15 38 89 65 83 48 53 22 95 1 54 32
71 14 11 73 59 39 7 5 10 52 74 13 51 89 3 95
72 37 2 66 67 73 59 39 7 5 10 8 74 13 84 38 65 4 83 28 95 1 54 32 70 25 94 75 82 9 27 26 93 33 87 61 17 12 90
73 3 66 11 67
74 13 2 11 73 59 39 63 7 5 10 8 16 6 37
75 30 44 73 59 39 34 7 10 8 6 13 64 15 84 38 51 92 89 3 4 83 53 71 1 54 32 41 70 76 24 94
76 17 66 67 44 73 59 39 7 5 10 52 13 64 51 65 95 1 70
77 13 30 2 67 73 59 39 63 7 79 10 68 13 14
78 31 66 11 67 73 59 39 7 5 10 68 52 13 64 65 83 28 1 54 32 76 24 25 47 94 18 27 26 93 33 87 17
79 7 2 66 11 67 73 59 39
80 44 66 11 67 44 73 59 39 63 79 13 64 38 51 92 89 83 95 71 1 54 32 69 70 24 25 58 94 75 82 27 26 93 33 87 61 17 78 12 90 72 60 19 46 56
81 32 30 44 73 39 55 5 10 13 15 51 92 89 3 83 22 28 95 32 76 24 47 94 18 27 26 93 33 87 61 17 12 90
82 25 73 59 39 7 5 10 13 64 89 65 83 22 28 95 1 54 41 70 76 57 24 43 94 50 18
83 16 66 73 59 39 63 55 79 10 6 13 14 64 51 92 89 3
84 10 2 66 67 44 73 59 7 10 13 15
85 16 2 66 11 44 73 59 39 63 7 79 10 8 13 77 84 89
86 7 66 67 44 73 59 39 63
87 33 66 67 73 59 63 7 86 5 10 37 52 64 38 89 85 3 65 83 53 71 1 54 32 41 25 94 75 82 9 27 26 93 33
88 37 66 67 73 59 39 63 34 10 16 37 68 13 84 51 89 65 83 53 28 95 1 54 69 41 70 24 94 18 82 9 27 26 93 33 20 87 61
89 13 66 67 73 59 39 63 7 86 5 10 13 14 92
90 36 30 66 67 44 73 59 39 63 34 5 10 13 84 51 65 83 95 1 54 32 69 41 57 24 25 94 75 18 27 26 93 33 61 88 17 12
91 34 30 67 73 39 34 7 5 10 37 13 14 64 89 65 53 95 71 1 54 32 69 76 24 94 75 18 82 9 26 93 33 12 90 31
92 13 66 11 73 59 39 7 5 10 8 68 13 64 84
93 30 11 44 73 59 39 7 5 10 16 13 84 38 89 83 48 95 71 1 54 32 69 41 70 76 24 58 94 75 9 27
94 32 30 66 11 67 44 73 59 39 63 7 10 16 37 68 52 13 14 64 15 38 85 3 83 53 22 95 54 32 41 70 24 58
95 16 30 2 67 44 73 59 39 7 52 13 64 15 51 92 65 22

73 72
1 4 63 62 23 61
2 5 34 63 62 61 1
3 21 5 62 69 23 61 1 53 50 15 17 46 48 16 25 35 14 42 26 59 73 58
4 31 5 45 23 61 1 50 15 17 46 57 70 68 48 31 16 25 35 14 42 26 73 58 38 49 8 7 55 52 40 21 71
6 37 62 1 53 2 50 64 15 17 46 57 70 48 16 25 35 14 27 26 59 73 58 38 22 66 67 7 55 54 52 40 21 71 47 60 43 72 30
7 24 5 63 62 23 1 2 64 15 17 57 70 25 35 14 42 59 73 58 3 12 41 38 49 66
8 19 5 69 45 2 50 15 17 46 57 70 68 16 25 35 14 27 73 12 38
9 21 5 62 2 50 64 15 17 70 68 48 16 25 35 14 42 26 59 73 3 12 38
10 41 5 62 23 1 2 50 64 17 46 57 70 48 35 19 14 27 42 59 73 58 38 49 66 67 7 55 32 54 52 40 21 71 4 47 60 18 43 33 13 11 72
11 34 5 62 61 1 2 50 15 46 57 68 48 31 16 25 35 19 14 42 26 73 38 22 67 7 55 52 40 21 71 4 47 60 43 29
12 19 5 62 45 61 1 50 17 46 57 70 48 25 35 37 19 14 59 73 58
13 35 5 62 23 1 2 50 64 15 17 46 57 70 48 16 25 35 14 27 42 59 51 38 49 22 8 67 7 55 52 40 21 71 47 60 43
14 12 5 1 50 15 17 46 57 70 48 16 25 35
15 2 1 50
16 12 63 69 1 2 50 15 17 46 57 70 68 48
17 6 63 62 1 2 50 15
18 32 62 45 23 61 1 64 15 46 57 70 48 16 25 35 14 42 26 59 73 38 49 22 8 67 7 54 52 40 71 4 47 60
19 15 5 34 62 45 61 1 2 15 46 57 70 68 16 25 35
20 38 5 62 69 1 50 15 17 57 70 68 48 16 25 35 37 14 42 26 59 73 58 49 8 67 55 32 54 52 40 71 47 60 18 43 33 29 72 6
21 33 5 63 62 61 1 2 50 64 17 46 57 70 68 48 16 25 35 19 14 59 73 58 49 22 8 66 67 7 55 32 54 52 40
22 19 62 1 2 50 15 17 46 57 70 48 16 25 35 14 26 59 58 38 49
23 3 5 62 45
24 36 5 34 45 1 2 50 17 46 57 70 48 31 16 25 35 14 42 26 59 73 58 49 22 8 67 7 55 54 40 71 47 60 43 13 29 11
25 10 62 23 1 2 15 17 57 70 48 16
26 9 5 62 1 2 64 31 25 14 42
27 12 5 1 2 50 15 46 57 68 48 16 25 14
28 24 63 62 45 23 2 50 15 17 46 57 70 68 48 31 16 25 35 14 73 58 38 22 8 66
29 32 62 1 53 50 15 46 57 48 16 25 35 14 27 42 59 73 58 12 38 49 9 8 66 67 55 28 52 40 71 47 60 43
30 28 5 1 2 17 57 70 16 25 35 14 42 73 12 38 49 22 8 67 7 55 52 40 21 71 47 43 29 72
31 10 5 62 45 2 50 64 15 17 46 57
32 28 63 62 23 61 1 50 15 46 57 68 48 16 25 35 14 42 26 59 73 58 12 41 38 49 22 67 7 55
33 33 5 62 45 61 1 2 50 64 15 17 46 57 70 68 16 25 35 19 36 14 42 73 58 38 8 7 55 52 40 71 47 60 43
34 1 5
35 13 34 62 1 2 50 64 15 17 46 57 70 68 25
36 17 5 34 63 62 45 23 61 2 50 15 17 46 57 68 48 16 35
37 15 5 34 62 45 1 50 64 15 17 57 70 68 16 25 35
38 17 5 23 61 1 50 15 17 57 68 48 25 35 36 14 42 73 58
39 37 5 62 23 1 2 50 17 46 57 70 68 48 16 25 35 36 14 42 59 73 58 12 38 49 22 8 66 7 32 54 52 40 47 60 43 72 10
40 28 5 63 62 45 23 61 1 2 50 15 17 57 16 25 36 14 27 12 38 49 22 67 7 55 32 54 28 52
41 15 5 62 23 61 1 64 15 46 57 25 35 14 73 58 12
42 13 5 45 50 15 17 46 57 68 16 25 35 37 14
43 30 5 63 62 61 1 2 50 64 17 57 16 25 35 37 19 14 26 73 58 12 38 49 8 54 52 40 71 47 60 18
44 34 5 63 61 1 2 15 46 70 68 48 16 25 35 37 14 27 73 12 38 49 9 8 7 55 54 40 21 71 47 60 43 29 72 20
45 1 63
46 7 62 45 2 50 64 15 17
47 22 62 50 17 57 68 48 16 25 35 14 42 73 58 38 49 22 7 55 52 40 21 71
48 7 63 62 2 50 15 57 70
49 24 5 23 61 1 2 64 17 46 57 70 68 48 16 25 35 14 26 59 73 58 51 12 41 38
50 7 5 34 23 61 1 53 2
51 17 5 62 23 2 50 17 46 68 48 16 25 35 14 42 59 73 58
52 24 5 62 23 1 2 64 15 46 57 70 68 48 25 35 14 42 73 12 38 49 66 7 55 54
53 5 5 63 62 23 1
54 27 5 34 62 45 1 53 2 50 15 17 57 68 48 16 25 35 37 19 14 42 26 59 12 38 49 67 55
55 29 5 63 62 45 23 61 2 50 17 57 68 48 31 16 25 35 37 36 14 27 42 26 73 58 38 49 8 67 7
56 34 5 62 61 1 50 15 17 57 68 31 16 25 35 19 14 42 59 73 58 51 38 7 55 54 52 40 71 47 60 43 29 6 20 44
57 8 23 61 1 2 50 15 17 46
58 19 62 23 61 1 2 50 15 46 57 70 68 16 25 35 37 14 42 59 73
59 14 5 62 1 15 17 57 68 48 16 25 35 14 27 42
60 31 5 62 45 61 1 50 15 57 70 68 48 31 25 35 14 27 42 26 59 73 58 12 38 7 55 32 54 52 40 71 47
61 3 5 62 23
62 1 5
63 1 5
64 6 5 34 62 69 1 2
65 1 63
66 20 5 45 61 1 2 50 46 57 48 16 25 35 14 42 73 58 51 12 49 8
67 19 5 62 61 53 50 64 15 46 57 70 68 16 35 14 59 58 12 38 8
68 7 62 61 1 2 15 17 57
69 4 5 34 63 62
70 10 63 62 45 23 1 53 2 50 15 17
71 27 62 23 61 1 2 50 15 46 57 70 68 48 16 25 35 37 14 59 73 12 38 49 7 55 54 52 40
72 36 5 34 62 61 1 2 50 15 17 57 70 48 31 16 35 19 14 42 73 12 38 49 8 67 7 55 54 28 52 40 21 71 4 47 60 43
73 19 5 63 62 23 1 2 50 15 57 48 31 16 25 19 14 27 42 26 59

27 25
1 7 22 21 16 26 5 3 14
3 13 6 2 11 27 8 4 21 15 23 16 25 10 5
4 2 2 18
5 11 7 18 8 4 17 12 21 15 13 25 26
7 1 2
8 1 2
9 12 2 7 18 27 21 15 20 16 26 5 14 24
10 7 2 8 4 21 20 25 26
11 1 2
12 3 2 8 4
13 7 2 11 7 18 27 4 16
14 10 2 8 4 17 21 15 13 25 5 3
15 7 2 18 27 4 17 22 21
16 3 2 21 23
17 5 2 7 18 8 4
18 1 2
19 6 2 18 4 20 13 25
20 6 2 11 18 4 21 15
21 5 2 7 27 8 4
22 2 2 4
23 2 2 11
24 8 2 8 17 23 20 13 5 14
25 8 2 11 7 18 8 4 23 16
26 6 2 7 27 12 15 23
27 1 2

49 48
1 25 14 23 42 28 15 10 38 6 7 21 37 2 44 41 29 26 43 22 13 25 46 20 39 33 18
2 8 14 23 42 16 17 38 6 7
3 14 14 23 17 15 10 6 7 21 37 2 31 29 26 43
4 7 14 23 5 10 38 37 2
5 2 14 23
6 6 14 23 42 17 28 10
7 5 14 28 15 38 6
8 13 14 42 17 28 10 38 6 7 21 37 2 31 26
9 24 14 23 17 28 38 6 7 37 2 44 29 26 43 8 34 13 25 46 19 20 39 36 45 1
10 6 14 23 42 16 17 28
11 19 14 16 17 28 15 38 6 21 2 44 12 31 29 26 43 8 35 22 34
12 11 14 23 42 47 15 10 38 6 7 2 41
13 16 14 16 17 28 6 7 2 29 26 43 8 35 24 22 34 27
15 4 14 23 42 17
16 2 14 23
17 2 14 23
18 18 14 15 10 6 7 21 26 3 8 22 13 11 25 46 19 20 39 33
19 17 23 28 15 10 38 6 7 21 44 48 29 26 8 35 22 25 46
20 20 14 23 16 17 15 10 38 6 7 21 2 26 43 3 8 35 27 13 25 46
21 7 47 17 28 15 10 6 7
22 15 14 23 47 17 28 38 6 7 21 2 44 29 26 43 8
23 1 14
24 12 14 10 6 7 21 37 2 29 26 43 8 35
25 21 14 23 16 17 28 15 38 6 7 21 37 2 4 41 29 26 43 8 22 34 13
26 10 28 15 10 38 6 7 21 44 48 29
27 14 23 17 28 15 10 38 6 21 2 44 29 26 43 35
28 3 14 16 17
29 10 14 23 28 38 6 21 37 2 41 48
30 16 14 42 28 38 6 21 2 44 41 48 26 43 8 35 27 13
31 10 14 23 16 10 38 6 7 21 37 2
32 19 15 6 7 21 2 41 29 26 43 8 35 22 11 25 20 39 33 18 36
33 24 14 23 16 28 38 6 21 2 44 31 29 26 43 8 35 24 22 27 40 25 46 19 20 39
34 17 14 23 28 10 38 6 7 21 37 44 41 29 26 43 8 35 22
35 16 14 47 17 28 15 38 6 7 21 37 2 44 12 29 26 8
36 20 14 23 28 15 6 7 21 37 2 44 29 26 43 3 8 27 13 25 20 39
37 7 14 23 42 47 38 6 21
38 3 14 17 28
39 17 14 38 6 7 37 44 48 29 26 8 35 22 13 25 46 19 20
40 15 42 47 17 28 15 10 6 7 37 29 26 43 3 8 35
41 7 14 23 28 38 6 7 2
42 2 14 23
43 13 14 23 42 28 10 38 6 7 21 2 41 29 26
44 6 28 38 6 7 21 37
45 25 14 23 17 28 10 38 6 21 2 41 29 26 43 3 8 22 34 27 13 25 46 19 39 33 18
46 20 14 16 17 28 10 38 6 7 21 2 41 29 26 43 8 35 24 27 13 25
47 3 14 23 42
48 7 14 23 38 6 21 2 12
49 9 14 47 28 15 10 38 6 7 37

