5 4
3 2 1 5
2 2 5 3
4 1 3
5 1 1

5 4
3 2 1 5
2 2 5 3
4 1 3
5 1 1

5 4
3 1 1
2 2 5 3
4 1 3
5 1 1

2 0

3 1
1 1 2

25 17
3 1 6
17 1 4
4 2 5 13
21 1 11
19 2 3 13
18 1 14
20 1 15
10 1 11
7 2 1 2
6 1 6
15 1 14
8 1 11
16 1 1
11 1 2
24 1 4
9 1 7
1 1 2

53 10
10 3 3 25 31
30 2 13 51
38 2 4 45
18 4 3 25 38 39
26 2 3 11
42 1 7
31 1 3
24 3 11 27 36
12 2 1 49
33 1 15

31 24
16 1 13
12 2 2 19
28 1 4
25 1 15
17 1 15
30 1 6
29 1 12
23 1 10
22 1 4
13 2 2 19
11 1 7
21 1 2
10 2 12 13
8 1 13
20 1 7
5 2 7 21
4 2 6 30
9 1 6
7 1 8
18 1 8
15 1 15
27 1 6
24 1 14
1 1 7

9 3
1 3 2 4 6
8 1 2
6 1 7

23 20
4 2 11 17
20 2 3 16
5 2 10 17
13 1 11
15 1 6
18 1 3
6 1 15
19 1 14
11 2 2 12
3 1 4
14 1 8
17 1 13
1 1 7
16 1 11
21 1 11
22 1 14
2 1 8
9 1 6
7 1 12
10 1 6

64 3
46 1 10
48 2 7 10
54 3 10 31 38

38 25
19 1 7
37 2 1 23
32 2 7 32
13 1 10
17 1 1
29 1 5
6 1 13
26 3 1 22 30
27 1 10
35 2 1 14
4 1 13
5 1 11
23 1 14
36 1 9
20 1 2
11 1 1
3 1 8
16 2 10 23
25 1 8
8 1 2
15 2 15 33
24 2 10 21
9 1 14
31 1 14
2 1 7

79 1
42 3 9 56 61

56 2
31 1 6
22 2 3 49

43 19
15 1 2
29 1 9
17 1 9
32 1 6
28 1 12
5 1 3
7 1 12
21 2 7 36
26 1 12
12 1 14
42 2 12 41
22 1 4
41 1 5
36 2 10 26
2 1 14
11 1 13
38 1 9
16 1 8
8 3 3 14 21

45 26
42 1 15
40 2 10 37
28 2 1 38
9 3 1 19 32
14 1 8
2 1 13
31 1 7
38 1 4
26 1 14
13 1 12
22 1 1
10 1 9
44 2 15 29
21 2 10 23
41 1 2
27 2 15 44
18 1 4
39 1 15
33 1 3
17 1 4
1 1 15
8 1 4
35 1 11
29 2 7 20
30 2 13 16
34 1 4

83 69
61 2 10 54
36 1 3
31 3 6 45 52
27 3 4 67 75
12 3 13 52 81
49 1 12
44 2 6 44
55 3 4 33 48
15 3 8 21 35
22 4 10 33 55 75
14 3 3 61 81
34 1 8
67 4 14 26 68 69
13 4 12 14 37 74
5 2 2 64
17 2 1 74
54 6 6 13 32 36 47 66
19 2 5 50
62 2 14 29
24 4 4 23 43 70
45 2 8 13
63 2 11 73
18 1 15
2 4 1 49 74 79
47 2 12 81
72 2 7 58
26 6 12 33 46 69 77 79
39 1 14
71 3 8 76 81
20 3 8 81 82
65 2 12 50
6 2 1 73
32 2 8 26
30 3 1 60 75
58 3 2 28 77
1 4 7 18 53 66
23 4 13 70 76 80
4 2 5 21
11 4 1 7 57 79
41 4 6 37 54 69
68 3 6 46 64
46 3 2 56 82
56 2 10 29
33 7 7 18 33 37 43 47 48
59 2 3 77
43 1 2
52 4 4 13 66 80
48 2 9 63
64 2 7 70
57 3 8 67 68
51 3 1 44 74
79 2 4 65
7 3 8 16 73
81 2 9 69
80 1 5
38 1 10
69 2 8 78
35 3 7 81 82
53 6 2 31 53 55 59 70
29 2 8 10
60 3 2 26 49
9 2 3 43
50 2 8 58
3 4 11 26 34 68
73 3 14 55 59
37 3 1 55 59
8 4 8 63 64 67
28 1 9
25 2 13 47

40 26
18 2 14 26
8 1 10
31 1 9
22 1 7
14 1 15
25 1 14
10 5 1 11 17 32 37
29 1 2
15 2 12 18
24 1 8
6 1 5
19 1 6
23 1 11
33 2 14 33
5 3 12 26 35
13 1 3
17 1 3
26 2 5 11
9 1 13
20 2 5 39
16 1 3
12 1 12
2 1 4
37 2 8 29
34 1 15
7 1 12

78 8
8 3 15 71 76
33 1 15
18 2 3 26
57 2 15 36
24 2 3 45
62 1 11
54 3 6 64 66
5 1 12

12 3
6 1 5
2 1 4
8 1 8

58 41
45 3 4 46 54
21 1 13
6 2 8 53
31 1 10
13 1 2
18 2 2 22
38 3 7 17 19
5 2 2 11
26 3 9 10 13
25 1 2
2 3 15 20 54
8 1 5
48 2 14 45
57 1 4
4 3 6 36 47
50 3 1 33 47
40 2 12 38
44 2 14 18
33 1 6
36 2 8 20
19 1 8
9 1 2
32 1 6
1 1 5
24 3 5 36 52
3 1 3
28 5 4 12 30 43 46
23 1 9
41 3 2 17 40
39 1 2
53 1 15
11 3 7 12 16
51 1 9
27 1 11
12 1 13
7 1 2
17 3 14 31 44
52 1 10
34 1 9
29 2 14 56
30 2 7 26

18 5
10 1 13
8 2 3 10
5 1 7
3 1 6
1 1 1

11 8
4 1 5
6 2 7 10
2 2 8 10
9 0
7 0
8 1 8
3 1 7
5 1 7

56 11
52 1 6
24 2 14 16
7 1 6
11 3 5 45 50
35 1 6
31 2 7 19
43 2 11 45
19 1 7
23 2 2 17
26 2 12 46
39 2 13 25

41 4
33 2 3 18
37 1 9
24 2 5 20
19 1 12

63 13
20 3 1 5 30
45 2 12 62
47 1 6
4 2 1 59
17 1 13
15 2 4 40
8 2 9 28
48 2 4 41
52 3 4 31 37
60 1 11
39 1 13
55 2 13 62
28 2 9 19

38 21
33 1 7
7 1 13
19 1 15
22 1 11
23 2 1 9
18 1 15
4 1 14
5 1 15
32 1 10
2 2 1 7
9 2 10 25
31 2 5 29
25 1 11
28 1 10
27 1 10
20 3 12 17 36
36 1 15
1 1 4
37 1 3
12 1 9
30 1 7

23 12
5 2 12 14
12 1 9
10 1 8
21 2 8 15
2 1 3
11 1 3
1 1 7
9 1 3
15 1 14
3 1 6
18 1 8
14 1 2

17 4
8 1 9
5 1 15
11 2 13 16
13 1 9

26 5
21 1 8
10 1 12
16 1 10
8 2 3 9
7 1 5

23 3
15 1 9
3 1 9
14 1 5

29 17
27 1 4
15 1 10
17 1 6
13 1 5
8 1 2
11 1 15
19 1 4
4 1 9
21 1 10
20 1 7
7 1 1
12 1 5
14 1 2
25 1 4
2 2 5 27
24 2 2 25
9 1 11

10 5
6 1 5
2 0
3 0
8 1 1
5 0

47 2
46 2 10 34
19 1 8

65 6
22 3 13 51 60
35 1 8
26 1 12
55 1 7
13 1 11
21 3 4 23 59

11 0

68 23
46 4 8 14 33 61
32 1 11
30 1 10
21 1 12
51 1 1
6 3 10 18 32
4 3 10 12 63
48 3 13 41 53
12 1 1
3 2 9 55
25 1 4
23 1 6
18 2 4 21
52 1 7
64 5 6 46 49 51 66
24 1 3
43 2 3 48
14 3 7 20 40
2 3 3 33 47
28 2 6 62
33 1 3
57 1 2
11 1 14

7 2
1 1 2
4 0

1 0

30 3
23 1 12
11 2 5 14
16 1 13

22 5
2 1 15
8 2 5 16
13 1 12
3 1 14
14 1 10

46 15
17 1 6
24 1 11
34 2 3 5
4 1 2
6 1 14
9 2 3 41
36 1 7
44 2 15 32
41 1 1
38 2 5 26
28 1 10
35 1 8
21 3 9 25 30
13 2 10 31
14 1 2

63 27
39 3 11 27 58
27 1 6
3 4 7 13 16 54
34 3 4 12 34
42 3 7 17 59
35 1 12
57 2 6 58
7 1 14
44 1 10
54 3 12 15 60
53 1 15
36 1 11
40 1 6
62 2 6 17
17 3 6 19 27
45 2 5 50
31 5 2 9 17 43 56
25 2 4 62
18 2 12 49
48 2 14 55
43 1 5
33 2 14 15
56 2 13 60
15 1 10
26 2 10 26
58 2 2 7
9 1 12

37 10
5 1 6
14 1 9
26 2 4 25
12 1 7
10 1 7
24 1 9
17 1 1
34 1 7
13 1 4
28 1 1

33 15
11 1 8
29 3 2 9 28
2 1 6
32 1 5
10 2 15 16
9 1 2
15 1 4
1 1 5
18 1 9
27 1 7
25 1 10
31 1 11
16 1 12
14 1 7
24 1 5

13 10
3 1 9
2 1 10
12 1 1
4 1 12
1 1 5
7 1 10
6 1 1
11 1 5
8 1 8
10 1 4

23 2
3 1 14
21 2 3 11

57 10
45 1 6
16 2 7 52
54 2 6 31
39 2 5 52
24 2 1 23
19 1 10
1 1 7
43 2 10 55
30 1 14
5 2 9 40

68 1
54 3 14 33 62

9 5
7 0
5 1 4
2 1 4
4 0
1 0

59 22
38 5 9 23 29 52 56
48 1 4
1 1 10
30 3 2 7 35
11 1 8
18 2 15 54
22 3 13 35 48
20 1 12
39 1 2
16 1 9
36 1 8
27 2 6 24
42 2 7 12
25 1 4
50 3 7 22 49
23 2 15 34
54 1 14
6 1 7
7 2 15 22
55 1 15
33 1 6
10 2 5 41

41 4
9 2 1 39
34 1 14
21 1 4
31 1 9

77 15
21 2 15 30
64 4 3 17 44 71
19 1 14
52 2 7 18
23 2 10 54
53 1 9
41 4 1 30 37 64
55 1 6
59 1 6
71 4 5 27 73 74
22 3 6 25 28
76 2 3 74
54 2 14 41
37 2 10 33
13 2 6 30

27 8
12 1 6
20 1 5
7 1 15
2 1 7
1 1 15
5 1 9
18 1 3
17 1 7

82 50
46 2 7 39
40 1 12
70 2 10 56
28 2 10 29
1 1 6
78 2 13 34
63 3 1 70 81
14 1 15
72 3 3 53 80
20 2 12 59
76 4 11 29 56 71
54 3 15 56 81
26 3 1 11 16
66 1 14
31 1 13
18 2 7 18
36 2 3 50
15 2 13 32
73 2 5 30
38 3 10 39 53
16 4 8 10 27 72
51 1 4
69 1 15
35 2 11 65
53 3 15 46 76
5 3 6 57 69
48 1 3
22 2 4 71
71 1 2
13 1 1
9 4 8 21 25 81
62 1 14
27 1 14
75 4 3 19 28 59
42 2 15 49
8 3 10 44 78
24 4 8 11 13 60
81 1 6
23 2 3 60
37 4 15 24 49 70
25 3 5 64 69
7 1 8
32 2 6 80
17 5 9 48 52 73 81
74 4 13 64 78 80
34 1 2
45 1 8
10 3 11 74 80
19 1 14
33 2 6 50

58 17
12 1 2
46 1 7
25 2 11 42
28 1 7
50 1 12
39 3 1 45 56
38 1 6
29 3 15 22 32
22 1 5
8 1 15
47 2 7 54
6 2 1 54
51 2 10 53
45 3 3 4 55
3 1 9
30 2 2 50
56 1 10

20 13
10 1 7
9 1 14
15 1 15
13 1 12
8 1 12
12 1 1
3 1 5
2 1 5
11 1 15
18 1 5
7 2 13 14
16 1 13
6 1 15

73 14
71 3 15 21 65
61 2 7 66
53 2 3 56
5 2 8 10
27 1 8
69 1 14
14 1 4
23 2 12 67
39 1 2
40 2 12 22
37 3 13 24 28
59 4 2 40 46 62
64 2 4 58
68 2 5 36

4 2
2 1 1
3 1 2

42 15
9 1 13
7 1 6
18 2 11 33
15 3 2 27 35
5 1 9
13 1 6
33 1 13
16 1 15
19 1 5
32 1 13
34 1 15
26 1 1
40 1 6
35 2 11 25
14 1 1

3 0

59 27
29 1 6
16 1 10
10 1 1
7 1 1
26 2 10 33
44 3 9 28 45
53 2 11 39
25 1 12
6 2 8 57
2 3 14 26 53
38 2 8 19
46 3 9 11 51
31 1 12
54 1 8
39 1 11
8 2 9 37
43 3 5 10 54
15 2 10 23
30 3 15 25 57
41 1 14
3 5 13 14 34 47 51
32 1 4
24 2 14 45
48 3 14 30 55
21 1 10
52 1 9
56 1 9

7 3
3 1 2
2 0
6 1 1

55 9
9 1 12
52 1 13
45 1 5
37 3 3 32 34
19 1 12
40 1 6
54 1 15
22 1 6
50 1 2

16 0

17 11
4 1 10
3 1 13
11 1 14
15 1 13
7 1 8
8 1 3
10 1 2
5 1 7
9 1 8
6 1 10
16 1 13

53 7
40 3 13 18 34
3 2 12 14
13 1 5
47 1 15
21 2 5 37
41 1 6
15 1 13

39 13
4 1 4
13 1 14
5 1 3
28 2 15 35
16 1 1
36 2 7 14
31 1 10
10 3 3 7 26
26 2 15 16
9 1 6
11 1 10
19 2 8 26
8 1 12

22 1
6 1 15

69 16
54 1 10
19 1 3
20 1 10
37 1 9
34 2 6 61
52 1 15
44 2 14 57
32 3 15 27 43
61 3 7 29 47
47 2 1 20
3 2 14 35
36 1 7
55 2 2 12
12 3 13 35 48
40 2 3 68
9 2 1 40

40 21
21 1 10
20 2 4 25
8 1 9
39 1 13
36 2 6 29
10 2 15 31
5 2 4 16
34 1 10
7 1 4
12 1 7
17 1 5
29 1 14
23 1 8
35 2 2 8
22 1 3
15 1 8
33 1 1
38 1 6
6 1 13
13 4 3 7 19 29
2 1 11

88 3
68 1 10
35 2 15 79
87 4 1 12 63 72

63 43
53 2 2 43
44 3 10 19 51
22 2 7 45
19 2 8 59
9 2 5 40
1 3 7 31 34
28 1 7
47 3 14 26 54
57 2 6 32
31 3 8 35 58
56 1 12
49 3 10 22 43
3 3 2 29 54
39 2 5 41
42 1 5
30 3 8 55 56
21 2 11 60
54 1 13
34 1 11
24 2 14 41
5 3 3 11 48
43 1 2
27 1 3
52 1 14
20 2 1 57
7 2 3 44
33 1 3
10 1 10
4 1 12
36 2 12 61
29 2 3 34
26 1 12
59 1 11
46 1 10
51 2 15 54
61 2 9 36
8 1 12
60 2 5 51
18 3 1 15 29
38 2 3 40
15 1 4
58 1 1
62 1 11

3 2 2 16

21 13
19 4 1 2 10 16
18 1 2
1 1 6
20 1 12
17 1 3
3 1 8
13 1 8
9 1 10
7 2 15 17
6 1 4
15 1 7
8 1 4
11 1 9

77 7
30 1 5
75 2 7 40
50 3 7 39 42
49 3 3 49 55
62 3 8 21 27
7 4 1 55 67 70
35 2 11 32