3 2
1 2 3 2
3 1 2

6 0

23 20
18 5 10 20 6 14 3
14 3 5 23 2
5 8 18 10 8 13 9 22 19 3
8 4 17 6 9 13
13 7 18 14 9 22 19 3 18
9 6 10 6 19 18 3 1
22 3 4 10 8
19 10 18 14 10 8 11 4 22 2 3 1
3 1 22
6 4 1 10 5 20
10 11 4 1 17 3 2 16 8 11 15 7 20
21 5 18 5 10 6 20
7 6 1 15 19 20 5 22
17 1 9
15 4 3 9 16 6
4 2 18 3
1 5 4 22 5 3 18
20 10 8 11 3 15 19 4 22 9 23 17
23 2 10 6
2 1 23

5 3
4 4 1 5 2 3
1 1 2
5 3 3 1 2

21 17
8 4 17 6 9 13
4 4 1 5 2 3
3 8 2 13 10 6 8 9 7 15
21 3 20 8 6
14 6 21 19 3 13 1 5
5 3 9 17 12
10 10 15 4 20 5 6 13 14 8 19 7
9 5 11 12 10 4 2
11 3 10 20 14
2 1 15
7 6 8 5 11 2 21 14
19 2 8 5
1 1 21
20 8 8 11 3 15 19 4 9 17
16 10 5 8 20 21 6 4 9 10 13 7
6 6 11 9 12 14 7 8
17 3 4 10 9

20 20
1 1 20
2 1 1
3 1 2
4 1 3
5 1 4
6 1 5
7 1 6
8 1 7
9 1 8
10 1 9
11 1 10
12 1 11
13 1 12
14 1 13
15 1 14
16 1 15
17 1 16
18 1 17
19 1 18
20 1 19

27 11
14 7 9 8 10 6 22 19 25
8 3 17 6 13
24 6 25 8 10 3 1 26
21 5 19 5 2 17 10
23 4 5 22 14 6
9 5 8 10 1 17 5
25 7 8 11 12 20 4 15 16
27 3 24 1 17
26 5 21 3 9 27 8
11 6 24 9 2 18 10 3
19 2 7 23

23 5
10 4 11 18 3 1
4 10 1 8 3 16 20 13 9 2 5 10
19 3 4 6 21
9 5 8 10 1 17 5
20 6 8 15 12 19 3 23

29 29
27 1 26
14 1 13
17 1 16
25 1 24
4 1 3
21 1 20
9 1 8
24 1 23
15 1 14
13 1 12
2 1 1
29 1 28
3 1 2
16 1 15
20 1 19
10 1 9
7 1 6
28 1 27
1 1 29
18 1 17
6 1 5
23 1 22
12 1 11
19 1 18
5 1 4
22 1 21
11 1 10
8 1 7
26 1 25

26 16
12 5 14 8 11 9 5
18 5 10 20 6 14 3
6 1 5
11 6 24 9 2 18 10 3
17 1 9
25 7 8 11 12 20 4 15 16
21 5 19 5 2 17 10
15 4 3 9 16 6
5 3 20 25 23
10 3 1 12 4
13 7 18 14 9 22 19 3 18
24 5 17 18 9 10 4
26 1 25
9 5 8 10 1 16 5
22 3 4 10 8
14 10 5 7 10 15 20 19 4 1 16 9

20 4
8 6 9 3 10 11 6 14
10 3 1 12 4
14 10 5 7 10 15 20 19 4 1 16 9
19 1 8

22 18
22 3 4 10 8
2 4 5 6 22 8
12 5 14 8 11 9 5
7 6 8 5 11 2 21 14
9 5 8 10 1 16 5
15 10 5 7 10 14 20 19 4 1 16 9
3 8 2 13 10 6 8 9 7 15
1 5 2 22 16 3 7
10 3 1 12 4
16 9 5 8 20 21 6 4 10 13 7
14 8 5 10 20 19 4 1 16 9
18 4 10 20 14 3
11 5 9 2 18 10 3
17 3 18 20 5
20 1 8
8 1 19
21 5 15 6 17 2 4
6 8 18 10 8 13 9 22 19 4

6 0

17 10
12 5 14 8 11 9 5
3 8 2 13 10 6 8 9 7 15
6 5 10 8 13 9 4
5 5 1 3 15 9 8
15 3 9 16 6
11 4 9 2 10 3
13 3 5 7 12
1 7 2 3 10 8 7 17 11
2 4 5 6 22 8
8 4 9 10 11 14

19 12
12 5 14 8 11 9 5
8 4 9 10 11 14
9 4 10 1 16 5
18 4 10 19 14 3
10 3 12 13 7
14 7 5 10 19 4 1 16 9
4 9 1 8 3 16 13 9 2 5 10
11 4 9 2 10 3
6 5 10 8 13 9 4
19 1 8
17 2 18 5
5 1 19

21 8
8 1 19
1 7 2 3 10 8 7 17 11
3 8 2 13 10 6 8 9 7 15
21 5 15 6 17 2 4
14 10 5 7 10 15 20 19 4 1 16 9
18 5 10 20 6 14 3
10 2 12 4
9 1 10

26 21
21 5 15 6 17 2 4
18 3 6 14 3
6 4 1 10 5 20
11 3 10 20 14
17 1 9
25 7 8 11 12 20 4 15 16
21 5 15 6 17 2 4
13 3 5 7 12
5 1 19
10 9 15 4 20 5 13 14 8 19 7
9 5 8 10 1 16 5
24 6 25 8 10 3 1 26
23 4 5 22 14 6
15 3 9 16 6
22 3 4 10 8
14 8 5 15 20 19 4 1 16 9
3 8 2 13 10 6 8 9 7 15
20 1 8
26 4 21 3 9 8
19 1 8
7 6 8 5 11 2 21 14

15 11
8 3 6 9 13
5 1 8
9 2 1 5
7 5 8 5 11 2 14
11 4 9 2 10 3
3 8 2 13 10 6 8 9 7 15
10 5 15 5 13 8 7
4 8 1 8 3 13 9 2 5 10
15 2 9 6
14 6 5 10 15 4 1 9
1 6 2 3 10 8 7 11

10 0

23 1
17 6 4 1 19 14 3 10

13 4
5 4 12 8 2 1
10 10 11 1 13 8 2 3 12 9 5 4 
11 3 12 8 5
3 1 13

7 7
1 1 7
2 1 1
3 1 2
4 1 3
5 1 4
6 1 5
7 1 6

11 5
11 3 4 10 5
2 7 8 9 6 7 3 1 4
1 4 5 10 9 3
7 3 11 4 8
9 1 6

26 22
12 5 14 8 11 9 5
18 4 10 19 14 3
6 5 10 8 13 9 4
11 2 4 5
17 1 9
25 7 8 11 12 20 4 15 16
21 5 18 5 10 6 20
15 4 3 9 16 6
9 4 15 8 25 18
10 10 11 1 13 8 2 3 12 9 5 4 
3 6 2 6 8 9 7 15
24 6 25 8 10 3 1 26
26 1 22
13 7 18 14 9 22 19 3 18
22 3 4 10 8
14 6 5 10 15 4 1 9
7 3 11 4 8
20 6 8 15 12 19 3 23
23 4 5 22 14 6
19 9 14 10 8 11 4 22 2 3 1
2 7 8 9 6 7 3 1 4
1 3 5 9 3

24 13
8 3 6 9 13
2 7 8 9 6 7 3 1 4
18 9 14 10 8 11 4 22 2 3 1
3 8 2 13 10 6 8 9 7 15
11 3 12 8 5
9 4 10 1 16 5
1 6 3 10 8 7 17 11
15 2 9 6
12 4 14 8 9 5
14 6 5 10 13 8 1 9
4 7 1 8 3 13 9 5 10
6 2 10 5
13 4 18 9 22 19

16 10
8 3 6 9 13
2 5 8 10 1 16 5
10 8 4 1 3 16 8 11 15 7
11 3 14 9 3
3 7 2 13 6 8 9 7 15
9 4 10 1 16 5
12 5 14 8 11 9 5
15 4 12 7 1 6
4 6 1 8 3 13 9 5
14 5 10 5 4 6 9

27 5
14 9 10 5 20 4 6 11 19 21 9
8 4 15 16 3 10
24 7 23 8 17 25 12 7 13
21 3 15 19 22
23 4 4 6 14 9

8 6
8 4 7 4 3 2
2 3 6 5 1
4 3 2 7 3
3 2 1 4
5 4 8 7 4 3
1 1 4

16 6
8 5 7 12 4 5 1
2 4 10 9 3 15
10 6 1 8 14 13 3 5
11 3 12 7 9
3 3 5 11 6
9 1 16

21 4
10 3 20 11 4
8 10 5 4 15 9 3 14 13 2 12 10
3 7 1 20 21 5 9 2 7
21 4 6 8 10 12

8 0

28 28
1 1 28
2 1 1
3 1 2
4 1 3
5 1 4
6 1 5
7 1 6
8 1 7
9 1 8
10 1 9
11 1 10
12 1 11
13 1 12
14 1 13
15 1 14
16 1 15
17 1 16
18 1 17
19 1 18
20 1 19
21 1 20
22 1 21
23 1 22
24 1 23
25 1 24
26 1 25
27 1 26
28 1 27

25 4
8 4 10 3 25 14
11 8 1 24 20 14 6 9 19 3
24 3 5 8 6
9 5 19 10 4 3 22

18 15
14 2 5 2
8 3 10 3 14
6 4 9 12 14 7 8
3 2 5 6
5 7 2 13 6 8 9 7 15
9 5 10 4 3
7 6 4 1 3 16 8 11
11 5 1 14 6 9 3
18 4 10 6 14 3
2 2 9 6
1 7 13 8 2 3 12 9 5 
17 10 5 4 15 9 3 14 13 2 12 10
15 4 12 7 1 6
4 7 14 10 8 11 2 3 1
10 4 3 14 1 6

29 29
17 1 16
25 1 24
24 1 23
15 1 14
3 1 2
26 1 25
14 1 13
28 1 27
1 1 29
2 1 1
12 1 11
10 1 9
5 1 4
27 1 26
4 1 3
21 1 20
18 1 17
19 1 18
20 1 19
8 1 7
7 1 6
6 1 5
23 1 22
29 1 28
9 1 8
11 1 10
13 1 12
22 1 21
16 1 15

4 0

26 10
12 5 14 8 11 9 5
18 9 14 10 8 11 4 22 2 3 1
6 1 5
11 8 1 24 20 14 6 9 19 3
17 3 18 20 5
25 11 4 1 17 3 2 16 8 11 15 7 20
21 3 15 19 22
15 4 12 7 1 6
9 6 10 6 19 18 3 1
10 8 4 1 3 16 8 11 15 7

15 8
8 5 9 12 7 1 6
15 4 12 7 1 6
14 2 1 6
1 3 12 5 9
3 3 14 1 6
10 4 3 14 1 6
13 1 6
2 2 13 6

12 1
3 4 20 8 2 19

15 7
8 5 9 12 7 1 6
5 9 1 14 10 9 13 4 8 3 13
9 2 13 15
2 3 9 4 3
11 3 12 8 1
3 3 14 1 6
10 4 3 14 1 6

27 20
14 4 17 6 9 13
8 7 1 14 10 9 13 4 3
24 4 3 14 1 6
21 5 18 5 10 6 20
23 4 4 6 14 9
9 4 12 7 1 6
25 11 4 1 17 3 2 16 8 11 15 7 20
27 5 9 12 7 1 6
26 10 5 8 11 15 6 7 19 4 1 10
11 4 13 12 14 18
19 3 11 9 2
18 2 27 16
7 3 12 8 26
10 8 7 15 2 12 17 23 20 19
16 10 5 8 20 21 6 4 9 10 13 7
3 7 1 14 10 9 13 4 13
20 2 13 15
4 5 14 10 11 2 1
17 3 12 8 1
2 2 9 3

19 16
12 7 5 1 11 6 16 8 9
8 3 7 1 6
9 5 1 14 10 4 3
18 3 14 1 6
10 8 5 8 11 15 6 7 4 1
14 10 4 1 17 3 2 16 8 11 15 7
4 5 1 6 15 19 3
15 2 1 6
19 4 18 5 10 6
17 3 6 19 2
16 2 17 18
5 4 1 8 14 3
11 8 4 6 19 3 5 18 13 8
13 3 17 6 9
3 4 17 16 18 2
1 1 13

19 3
18 6 17 3 16 14 9 2
3 10 5 8 11 15 6 7 19 4 1 10
10 4 13 12 14 18

21 21
8 1 7
15 1 14
4 1 3
3 1 2
21 1 20
14 1 13
20 1 19
10 1 9
9 1 8
12 1 11
2 1 1
7 1 6
16 1 15
1 1 21
19 1 18
5 1 4
6 1 5
17 1 16
18 1 17
11 1 10
13 1 12

29 5
3 10 28 5 1 20 11 12 6 16 8 9
19 4 22 29 13 4
17 4 6 25 3 2
4 2 23 18
28 3 17 24 21

9 0

28 17
8 9 28 5 1 20 11 12 6 16 9
22 8 11 4 16 2 19 23 9 6
10 3 9 22 8
7 6 4 1 3 26 8 11
6 1 28
21 5 19 5 2 17 10
17 3 6 3 2
23 6 20 19 3 2 16 5
16 8 5 21 6 4 9 10 13 7
2 7 8 9 6 7 3 1 4
24 10 5 8 11 15 6 7 19 4 1 10
15 9 7 16 10 2 12 17 23 20 19
1 3 9 27 5
3 4 22 28 13 4
11 5 1 14 6 9 3
20 6 11 9 10 22 3 16
25 11 4 1 17 3 2 16 8 11 15 7 20

27 27
1 1 27
14 1 13
8 1 7
24 1 23
2 1 1
21 1 20
23 1 22
9 1 8
25 1 24
22 1 21
27 1 26
4 1 3
5 1 4
26 1 25
11 1 10
12 1 11
16 1 15
19 1 18
18 1 17
7 1 6
10 1 9
20 1 19
6 1 5
3 1 2
15 1 14
17 1 16
13 1 12

15 15
1 1 15
2 1 1
3 1 2
4 1 3
5 1 4
6 1 5
7 1 6
8 1 7
9 1 8
10 1 9
11 1 10
12 1 11
13 1 12
14 1 13
15 1 14

14 2
10 4 1 8 13 4
3 3 11 9 2

29 24
17 3 18 6 28
25 11 4 1 17 3 2 16 8 11 15 7 20
24 10 5 8 11 15 6 7 19 4 1 10
13 10 7 15 16 10 2 12 17 23 20 19
3 7 2 13 6 8 9 7 15
27 2 7 15
2 3 28 6 17
28 6 21 20 19 6 5 18
1 5 3 15 16 19 4
10 8 11 1 8 2 3 12 9 4 
12 7 5 1 11 6 16 8 9
15 9 22 23 13 10 8 11 7 16 20
18 9 25 8 10 6 1 14 7 3 22
19 3 17 11 2
14 3 19 29 9
8 2 11 27
16 10 19 2 3 8 20 28 23 7 11 27
6 7 5 19 20 1 14 8 26
23 4 24 6 14 9
29 4 11 2 16 8
9 8 11 19 25 4 2 1 28 29
11 5 18 14 17 3 6
26 5 21 3 9 27 8
5 10 3 6 10 9 1 4 2 8 7 11

12 1
5 10 3 6 10 9 1 4 2 8 7 11

17 17
12 1 11
14 1 13
3 1 2
6 1 5
15 1 14
5 1 4
4 1 3
11 1 10
13 1 12
1 1 17
2 1 1
8 1 7
9 1 8
10 1 9
16 1 15
7 1 6
17 1 16

4 2
3 2 1 4
4 1 2

8 1
3 4 8 2 5 1

16 2
13 6 1 8 14 10 3 5
4 4 15 2 13 7

23 10
18 9 5 8 10 6 1 14 7 3 22
14 4 17 6 9 13
5 10 3 6 10 9 1 4 2 8 7 11
8 7 1 14 10 9 13 4 3
13 10 7 15 16 10 2 12 17 23 20 19
9 5 10 22 7 16 23
22 3 4 10 8
19 3 17 11 2
3 6 1 20 21 9 2 7
1 2 15 7

12 3
5 1 7
10 3 11 3 9
6 2 10 5

29 3
17 10 5 8 10 28 6 1 14 7 3 22
25 5 21 9 4 11 13
24 11 7 15 16 10 2 29 12 17 23 20 19

26 26
12 1 11
18 1 17
6 1 5
11 1 10
17 1 16
3 1 2
25 1 24
21 1 20
16 1 15
5 1 4
10 1 9
13 1 12
24 1 23
26 1 25
1 1 26
15 1 14
22 1 21
14 1 13
4 1 3
23 1 22
20 1 19
9 1 8
19 1 18
7 1 6
8 1 7
2 1 1

23 0

29 5
17 10 5 8 10 28 6 1 14 7 3 22
25 4 24 19 2 5
24 8 21 20 19 17 6 5 18 21
13 5 12 17 10 7 2
3 5 6 9 12 18 21

22 0

20 4
8 10 4 5 19 11 1 6 15 3 13 10
10 4 3 19 5 12
14 6 10 19 4 7 13 8
19 3 6 18 4

14 14
1 1 14
8 1 7
12 1 11
10 1 9
4 1 3
7 1 6
11 1 10
5 1 4
13 1 12
3 1 2
9 1 8
14 1 13
2 1 1
6 1 5

19 14
12 5 10 2 16 4 8
3 6 4 11 12 8 9 15
6 4 10 4 2 1
5 3 11 6 8
4 6 3 10 13 14 9 5
11 5 6 4 17 9 10 
13 4 12 3 5 9
1 3 15 5 17
2 4 1 16 3 9
8 5 6 17 4 11 4
9 3 15 6 7
13 2 11 1
10 4 5 13 7 16
14 5 16 3 10 8 12

27 27
1 1 27
2 1 1
3 1 2
4 1 3
5 1 4
6 1 5
7 1 6
8 1 7
9 1 8
10 1 9
11 1 10
12 1 11
13 1 12
14 1 13
15 1 14
16 1 15
17 1 16
18 1 17
19 1 18
20 1 19
21 1 20
22 1 21
23 1 22
24 1 23
25 1 24
26 1 25
27 1 26

20 2
10 9 4 6 19 14 3 5 20 13 8
4 5 3 6 10 12 1

26 26
12 1 11
18 1 17
2 1 1
6 1 5
11 1 10
26 1 26
17 1 16
16 1 15
7 1 6
25 1 24
8 1 7
21 1 20
5 1 4
15 1 14
13 1 12
10 1 9
9 1 8
24 1 23
23 1 22
4 1 3
3 1 2
22 1 21
14 1 13
19 1 18
1 1 26
20 1 19

11 0

9 0

15 5
3 3 5 6 7
11 3 9 6 10
5 1 2
1 2 5 7
10 3 1 5 7

14 14
1 1 14
2 1 1
3 1 2
4 1 3
5 1 4
6 1 5
7 1 6
8 1 7
9 1 8
10 1 9
11 1 10
12 1 11
13 1 12
14 1 13

18 0

20 0

7 0

26 1
23 3 17 9 11

25 7
8 5 20 2 5 15 3
25 6 1 9 24 6 10 7
24 4 8 17 21 4
9 8 20 17 7 22 1 19 5 3
6 3 19 2 24
23 5 9 13 14 22 19
20 8 15 17 2 3 6 21 24 25

14 8
1 5 7 14 15 8 6
8 3 10 6 23
10 2 9 5
7 4 2 5 11 9
12 3 9 6 10
4 2 6 14
3 5 12 10 9 2 11
9 4 6 8 13 1

17 0

6 0

29 29
17 1 16
5 1 4
23 1 22
25 1 24
24 1 23
7 1 6
13 1 12
3 1 2
29 1 28
10 1 9
12 1 11
28 1 27
1 1 29
9 1 8
14 1 13
21 1 20
15 1 14
2 1 1
6 1 5
27 1 26
16 1 15
4 1 3
20 1 19
18 1 17
19 1 18
22 1 21
8 1 7
11 1 10
26 1 25

17 14
12 5 10 2 16 4 8
3 6 4 11 12 8 9 15
6 4 10 4 2 1
5 3 11 6 8
4 6 3 10 13 14 9 5
11 5 6 4 17 9 10 
13 4 12 3 5 9
1 3 15 5 17
2 4 1 16 3 9
8 5 6 17 4 11 4
9 3 15 6 7
13 2 11 1
10 4 5 13 7 16
14 5 16 3 10 8 12

10 10
4 1 3
5 1 4
6 1 5
10 1 9
3 1 2
2 1 1
8 1 7
7 1 6
1 1 10
9 1 8

28 2
28 7 4 8 11 25 9 16 3
17 4 20 5 2 6

27 27
1 1 27
2 1 1
3 1 2
4 1 3
5 1 4
6 1 5
7 1 6
8 1 7
9 1 8
10 1 9
11 1 10
12 1 11
13 1 12
14 1 13
15 1 14
16 1 15
17 1 16
18 1 17
19 1 18
20 1 19
21 1 20
22 1 21
23 1 22
24 1 23
25 1 24
26 1 25
27 1 26

23 22
8 4 17 6 9 13
18 5 10 20 6 14 3
3 4 6 9 12 21
11 5 18 14 17 3 6
9 5 11 19 4 2 1
1 3 19 23 5
15 9 7 16 10 2 12 17 23 20 19
12 5 14 8 11 9 5
14 3 5 23 2
10 10 4 1 17 3 2 16 8 11 7 20
6 4 10 13 9 4
13 7 18 14 9 22 19 3 18
20 8 14 8 11 4 22 2 3 1
4 1 23
21 5 18 5 10 6 20
7 6 11 6 19 18 3 1
2 5 12 21 7 8 6
17 3 18 3 6
5 8 18 10 8 13 9 22 19 3
16 4 1 11 5 20
19 2 3 29
22 3 4 10 8
