60 50
57 1 59
18 2 27 3
7 1 33
31 2 8 17
52 1 55
22 4 45 39 30 13
50 1 43
11 3 16 27 18
20 2 14 26
49 3 8 39 1
16 2 51 29
8 2 39 60
43 4 14 56 4 47
29 2 37 10
5 1 14
28 2 39 53
37 2 55 2
45 4 23 47 9 44
12 2 1 48
55 2 10 59
56 1 15
42 3 23 58 41
10 2 9 59
24 2 6 19
46 1 30
41 1 54
39 3 1 34 54
21 2 38 40
6 3 18 2 1
14 2 17 48
23 2 18 47
38 3 54 26 33
30 1 1
1 3 17 11 59
17 4 9 38 37 32
25 2 53 4
54 3 36 13 44
53 2 37 11
48 3 4 32 15
47 1 60
34 3 40 41 10
36 2 51 7
58 2 29 60
19 1 41
32 4 51 41 10 55
2 3 51 7 3
4 3 3 15 54
35 3 36 54 26
60 3 10 38 20
40 2 18 33

100 99
1 1 2
2 1 3
3 1 4
4 1 5
5 1 6
6 1 7
7 1 8
8 1 9
9 1 10
10 1 11
11 1 12
12 1 13
13 1 14
14 1 15
15 1 16
16 1 17
17 1 18
18 1 19
19 1 20
20 1 21
21 1 22
22 1 23
23 1 24
24 1 25
25 1 26
26 1 27
27 1 28
28 1 29
29 1 30
30 1 31
31 1 32
32 1 33
33 1 34
34 1 35
35 1 36
36 1 37
37 1 38
38 1 39
39 1 40
40 1 41
41 1 42
42 1 43
43 1 44
44 1 45
45 1 46
46 1 47
47 1 48
48 1 49
49 1 50
50 1 51
51 1 52
52 1 53
53 1 54
54 1 55
55 1 56
56 1 57
57 1 58
58 1 59
59 1 60
60 1 61
61 1 62
62 1 63
63 1 64
64 1 65
65 1 66
66 1 67
67 1 68
68 1 69
69 1 70
70 1 71
71 1 72
72 1 73
73 1 74
74 1 75
75 1 76
76 1 77
77 1 78
78 1 79
79 1 80
80 1 81
81 1 82
82 1 83
83 1 84
84 1 85
85 1 86
86 1 87
87 1 88
88 1 89
89 1 90
90 1 91
91 1 92
92 1 93
93 1 94
94 1 95
95 1 96
96 1 97
97 1 98
98 1 99
99 1 100

77 16
2 1 4
3 1 28
4 1 67
5 3 36 55 31
6 2 18 21
7 2 11 47
8 3 59 39 25
9 5 1 55 68 29 5
10 5 64 20 9 58 73
11 8 70 56 15 65 61 58 21 74
12 8 17 1 34 67 4 15 18 5
13 5 44 1 38 58 75
15 3 25 18 38
16 11 36 56 67 26 68 55 20 30 15 27 9
17 6 24 26 7 73 30 20
19 3 49 28 36 

98 97
1 44 41 8 3 30 45 58 18 51 62 36 38 15 23 96 89 48 55 39 32 50 9 72 29 73 42 46 56 60 59 17 28 49 10 68 37 16 81 57 97 6 91 31 98 43
2 7 41 33 3 30 45 58 62
3 2 41 8
4 5 41 3 30 58 18
5 15 41 8 95 3 78 30 45 58 51 62 40 38 15 96 48
6 43 41 33 3 78 30 45 58 62 92 77 40 15 23 82 96 89 48 5 55 84 39 32 24 50 72 29 73 86 60 66 26 11 28 49 21 47 10 61 63 68 16 57 19
7 33 41 33 95 3 78 30 45 58 62 92 80 40 15 96 89 12 48 52 84 39 24 50 72 29 86 46 56 66 17 26 28 49 10
8 1 41
9 19 41 8 95 30 45 58 51 62 92 40 38 23 82 96 48 55 84 39 24
10 28 41 8 95 3 78 30 18 62 80 40 15 23 96 89 48 55 52 39 32 24 73 86 66 17 26 28 49 21
11 28 41 3 78 30 45 51 62 92 40 38 15 89 48 5 55 39 32 24 72 29 42 86 46 60 66 79 17 26
12 13 41 8 78 30 45 58 62 36 80 40 15 96 89
13 48 41 8 3 30 45 58 18 62 92 36 40 85 15 23 89 12 48 5 55 39 32 24 73 86 59 66 17 76 28 49 10 61 54 63 37 16 57 97 6 64 31 43 87 67 65 74 20 71
14 40 41 95 3 78 30 45 18 51 62 38 96 12 48 5 94 55 84 32 24 50 72 29 73 86 56 59 66 17 26 11 28 49 7 83 35 16 81 57 97 6
15 13 41 33 95 3 78 45 58 18 62 92 36 80 38
16 43 41 8 33 3 30 45 58 4 51 62 92 77 36 80 40 38 82 89 48 94 52 39 32 24 50 9 72 29 86 46 60 66 79 17 26 11 28 49 21 7 69 35 25
17 26 41 8 33 3 45 58 51 62 92 36 80 38 23 82 89 12 48 55 84 39 32 50 9 72 73 56
18 6 41 33 95 3 30 45
19 41 41 33 95 3 30 45 18 51 62 80 40 38 15 96 89 12 48 5 94 52 32 24 50 9 29 60 59 66 17 26 11 28 49 7 69 54 63 25 16 81 57
20 40 41 8 3 78 30 45 58 4 51 62 80 38 15 12 48 5 94 52 39 32 24 50 29 86 60 66 17 28 49 10 69 54 63 16 57 91 64 31 98 74
21 34 41 8 95 30 45 18 51 62 92 77 36 80 40 38 15 23 89 12 48 94 55 52 32 24 50 72 29 86 66 79 17 76 28 49
22 13 41 8 95 3 30 45 18 62 92 36 80 38 15
23 15 41 8 33 95 3 30 45 58 51 62 92 80 40 38 15
24 17 41 8 95 30 45 58 62 92 36 40 38 23 82 89 12 48 52
25 35 41 33 95 30 45 58 18 4 62 40 38 15 82 96 89 12 48 52 84 39 32 24 9 42 86 60 66 79 17 26 28 49 10 61 63
26 30 41 33 3 30 45 58 51 62 92 80 38 15 23 89 12 48 5 55 84 39 32 24 50 72 29 73 60 66 79 17
27 54 41 8 33 95 45 18 51 62 92 36 80 40 15 23 82 96 12 48 55 52 39 24 50 29 73 42 86 46 56 60 59 66 79 17 26 28 49 10 83 54 63 37 16 57 97 6 91 31 98 1 65 74 20 13
28 28 41 8 95 3 30 45 51 36 80 40 23 12 48 5 52 84 39 32 24 50 72 42 46 66 79 17 11 76
29 26 41 8 33 3 30 45 58 18 4 51 62 80 40 15 23 96 89 12 48 5 39 32 24 50 9 72
30 3 41 95 3
31 41 41 8 95 30 45 58 18 62 92 36 40 15 96 89 12 48 5 52 32 24 50 29 73 86 56 79 17 11 28 49 10 83 54 16 81 57 97 19 6 91 64
32 24 41 8 33 95 3 30 45 51 62 92 77 36 80 40 38 85 15 82 89 48 94 55 84 39
33 2 41 8
34 45 41 8 3 30 45 58 18 62 92 40 15 23 89 12 48 5 55 52 84 39 32 24 50 9 86 56 59 66 26 11 28 49 10 54 63 37 16 81 91 64 31 88 98 43 67
35 38 41 8 95 78 30 45 58 18 51 62 92 80 40 38 15 23 96 89 12 48 55 39 32 50 72 29 73 86 56 60 66 17 11 49 21 47 10 63
36 6 33 30 45 58 51 62
37 27 41 95 3 78 30 45 18 62 77 36 40 96 12 48 55 84 39 32 29 73 86 66 79 28 49 83 63
38 11 41 95 30 45 18 4 51 62 36 80 40
39 18 41 8 33 3 45 58 4 62 92 36 40 15 23 12 48 94 52 84
40 9 95 3 30 45 58 18 62 92 80
42 21 41 30 45 58 51 62 36 40 15 89 12 48 5 94 52 32 50 9 72 29 73
43 42 41 33 3 45 62 36 38 15 53 82 96 89 12 48 5 55 52 39 32 24 50 29 86 46 56 66 17 28 49 10 69 63 35 25 16 81 19 6 91 64 31 98
44 6 41 3 78 30 45 62
45 4 41 33 3 30
46 18 41 30 45 58 62 92 80 40 12 48 5 55 84 39 32 9 72 86
47 27 41 8 33 3 78 30 45 62 40 38 15 23 48 5 55 32 24 72 73 42 86 56 66 17 26 28 49
48 12 3 78 30 45 58 62 36 80 38 15 23 12
49 36 41 8 95 3 58 18 62 92 40 38 15 23 96 89 12 48 5 55 52 84 39 32 24 50 9 29 73 42 86 46 56 60 66 17 26 28
50 22 41 8 33 95 3 30 45 58 18 62 92 36 80 38 23 96 12 48 5 52 39 32
51 7 41 8 95 3 30 45 58
52 21 41 8 33 95 3 30 45 58 4 62 92 77 80 15 82 89 12 48 5 94 55
53 11 41 30 45 58 18 51 62 80 40 38 15
54 33 41 8 95 78 45 58 18 62 80 40 38 23 89 12 48 5 84 39 9 72 29 86 66 79 17 26 76 28 49 47 10 69 83
55 17 41 8 3 78 30 45 58 18 62 92 40 15 23 89 48 5 94
56 28 41 8 95 3 78 30 45 18 51 62 92 80 40 38 15 82 96 89 12 48 55 39 32 9 29 73 42 86
57 38 41 8 33 95 3 30 45 18 51 62 92 36 40 15 12 48 55 84 32 50 9 42 86 56 60 66 79 28 49 10 7 69 83 54 63 68 16 81
58 6 41 8 33 3 78 45
59 27 41 33 95 3 30 45 18 62 77 40 85 23 96 89 12 48 55 52 84 24 50 29 73 42 86 56 60
60 21 41 8 95 3 30 45 18 62 36 40 89 48 52 84 39 32 24 9 29 42 56
61 30 8 33 3 30 45 58 18 51 62 92 36 80 40 96 89 52 84 32 24 50 9 90 73 86 60 79 17 26 49 47
62 9 41 8 33 95 3 30 45 58 51
63 39 41 8 33 95 3 78 30 45 51 62 92 36 80 40 38 15 23 89 12 48 55 52 84 32 24 50 72 73 86 46 60 66 79 26 28 49 10 7 83
64 49 41 8 33 95 3 78 30 45 58 18 4 62 77 36 80 15 12 48 55 39 32 24 50 9 29 90 86 46 56 60 66 79 17 26 11 28 49 10 61 54 63 68 16 81 57 97 19 6 91
65 45 41 8 33 95 30 45 18 62 36 40 96 12 48 52 84 39 32 24 50 29 42 86 46 56 66 79 17 26 49 10 69 83 54 63 35 16 97 19 6 91 64 31 98 67 34
66 20 95 3 30 45 58 18 51 62 80 40 38 23 89 48 39 32 50 29 42 46
67 44 41 3 78 30 45 58 62 80 40 38 85 15 23 53 82 96 12 48 5 52 39 24 50 72 29 42 86 56 66 17 26 76 10 61 7 63 16 81 57 97 91 31 98 1
68 35 41 8 95 3 78 45 58 18 51 92 80 38 15 89 12 48 52 39 32 24 72 29 42 86 46 56 60 66 17 28 21 47 10 54 63
69 32 8 95 3 78 30 45 58 18 62 92 36 40 38 23 89 48 94 52 32 24 50 29 73 42 86 56 59 66 79 49 10 61
70 42 41 8 3 30 45 58 18 62 36 80 38 15 23 89 12 48 5 55 24 50 29 86 46 66 26 28 10 61 54 35 16 81 57 97 6 14 31 98 43 67 65 74
71 42 41 33 95 3 45 58 51 62 80 40 38 85 15 89 48 39 32 29 73 86 46 66 79 17 49 61 7 83 63 35 25 16 57 6 91 31 98 43 87 67 65 74
72 19 41 8 33 3 30 45 58 18 62 77 40 38 15 96 89 12 48 94 32
73 24 41 8 33 3 30 45 58 18 92 77 36 80 40 85 96 12 48 5 55 52 84 39 24 29
74 38 41 8 33 30 45 18 62 92 40 85 89 48 55 39 32 24 50 72 29 73 42 66 79 17 26 28 61 54 16 81 57 6 91 64 31 98 43 65
75 52 41 8 33 95 3 78 18 51 62 92 36 80 40 38 15 96 12 84 39 32 24 9 29 42 86 66 79 17 28 49 21 10 7 69 63 35 16 81 57 97 6 91 64 31 98 43 1 67 34 65 71 13
76 24 41 8 95 3 30 45 58 51 62 92 80 40 15 96 48 84 24 9 29 86 56 66 79 17
77 9 41 33 30 45 58 18 51 62 92
78 3 41 8 3
79 31 41 8 95 78 30 45 18 4 51 62 77 36 80 38 15 23 96 48 55 52 84 39 32 24 50 29 73 42 86 56 60
80 11 41 8 33 95 3 30 45 58 18 51 62
81 34 41 8 33 95 3 45 58 18 62 36 80 15 82 12 52 84 39 24 50 9 29 73 86 59 66 79 17 11 28 49 10 61 63 16
82 13 41 33 3 30 45 58 18 51 62 92 38 15 23
83 35 41 8 33 95 3 30 45 58 62 92 36 80 40 38 23 12 48 5 55 52 39 32 24 50 9 29 73 42 60 66 17 26 28 49 10
84 21 41 8 33 95 3 30 45 58 4 51 62 36 80 38 15 82 96 12 48 5 55
85 12 41 8 33 3 30 45 18 62 36 80 40 38
86 27 41 8 95 3 30 45 18 4 62 92 77 36 80 40 38 15 23 53 96 89 55 52 84 39 24 50 72
87 36 41 3 30 45 58 18 62 92 36 80 40 15 23 89 48 52 84 32 24 50 42 86 56 17 26 28 49 10 63 16 57 6 64 31 98 1
88 37 41 95 3 78 45 58 18 62 36 40 15 23 12 48 5 55 52 39 32 29 73 42 86 46 66 47 10 63 37 16 81 57 19 91 14 64 31
89 16 41 8 95 3 30 45 58 18 62 92 36 80 40 38 23 96
90 28 41 8 95 30 45 58 18 62 92 36 80 40 38 23 53 89 12 48 5 94 55 52 84 39 32 24 50 72
91 39 41 33 95 3 30 45 58 18 4 51 62 92 77 40 38 15 23 89 12 48 55 52 39 24 50 86 60 66 26 11 28 10 61 83 63 25 16 81 57
92 7 41 8 30 45 58 18 62
93 51 41 95 3 30 45 58 18 62 92 36 40 38 15 82 96 89 12 48 84 39 32 24 50 73 86 46 56 66 79 17 28 49 54 68 25 16 81 97 6 91 64 31 98 87 67 65 74 20 71 13 75
94 15 41 8 33 95 3 78 45 58 36 80 38 15 23 89 48
95 2 41 33
96 14 3 30 45 58 18 4 62 92 36 80 38 15 23 82
97 39 8 95 3 30 45 62 77 36 40 38 15 23 96 89 48 5 55 84 39 32 50 72 29 73 86 56 79 17 26 28 49 10 83 54 63 37 25 16 81
98 44 41 8 3 30 45 4 51 62 92 77 36 80 40 38 23 82 96 12 48 52 84 24 50 9 72 29 73 86 56 59 66 17 26 28 49 61 54 16 81 57 19 91 64 31

59 35
2 7 15 35 4 44 56 26 58
3 4 57 35 30 49
4 2 54 41
5 1 19
6 9 18 25 45 23 22 37 36 10 38
7 9 55 51 14 27 45 30 35 32 8
8 8 51 36 21 18 20 59 56 27
9 6 33 27 24 12 34 48
10 1 33
11 6 22 39 50 42 54 46
12 5 29 55 17 27 53
13 5 51 30 44 52 45
14 6 28 36 32 29 51 54
15 7 48 32 25 22 53 46 55
16 6 28 20 26 42 36 31
17 9 35 26 57 24 53 42 50 52 28
18 9 45 39 29 44 31 27 54 41 19
19 5 50 46 41 57 33
20 1 40
21 2 49 55
22 6 23 50 29 37 33 52
23 6 32 49 48 54 57 41
24 2 55 50
25 5 38 47 39 34 54
26 1 41
27 1 55
28 8 51 58 57 37 36 56 33 39
29 1 35
30 6 58 42 52 57 35 50
31 7 56 55 44 47 59 52 38
32 1 58
33 5 51 49 59 42 46
34 1 47
35 1 44
36 6 56 54 44 37 41 50

45 33
2 9 41 21 32 38 18 44 36 24 20
3 7 24 32 34 35 9 13 10
4 9 11 17 45 30 10 36 16 42 25
5 2 15 33
6 9 11 31 44 10 9 7 37 40 12
7 5 12 43 45 29 41
8 8 42 38 22 33 21 16 11 41
9 3 44 19 43
10 9 40 44 25 27 19 41 36 13 20
11 2 27 37
12 2 32 29
13 8 45 38 29 17 16 41 40 31
14 7 38 35 41 20 44 39 23
15 5 26 34 20 35 39
16 6 39 17 44 35 20 31
17 5 26 19 34 38 28
18 8 19 21 25 29 40 35 28 42
19 6 34 25 40 26 23 33
20 5 27 42 35 38 30
21 1 27
22 5 25 24 41 30 26
23 2 41 39
24 2 34 25
25 7 31 34 37 29 35 32 33
26 2 38 29
27 6 29 36 28 30 42 31
28 7 41 30 32 35 43 37 29
29 8 35 34 39 44 41 37 38 33
30 1 44
31 1 37
32 4 38 34 43 33
33 2 34 37
34 4 35 40 42 43

85 84
1 28 28 55 40 15 81 27 6 3 48 67 76 21 69 53 82 65 63 19 2 17 36 22 45 49 35 51 11 38
2 25 28 55 39 40 79 15 81 52 27 72 6 85 25 48 8 76 21 69 53 16 42 82 65 24 71
3 7 28 39 40 79 81 72 6
4 12 28 55 79 81 52 27 72 6 85 25 34 8
5 29 28 40 79 15 81 52 27 72 3 34 67 8 76 21 69 53 23 16 42 65 71 63 2 17 36 78 22 45 26
6 8 28 40 79 15 81 52 27 72
7 19 55 75 39 40 79 15 81 72 6 3 85 25 48 67 8 21 69 43 53
8 9 28 40 15 81 52 27 72 3 67
9 41 40 15 81 52 6 85 25 34 8 21 69 53 23 16 82 65 24 63 14 19 2 36 22 45 49 35 51 29 11 84 1 46 83 33 44 30 47 50 56 20 68
10 40 28 55 39 40 15 81 27 72 6 85 25 48 67 76 21 53 23 42 65 24 63 19 2 17 36 22 45 49 35 51 11 38 84 58 46 73 60 18 30 47
11 27 39 40 15 81 27 72 3 85 25 48 67 21 23 7 42 82 65 63 14 19 2 36 78 22 45 35 29
12 35 28 79 15 81 52 72 3 25 67 21 69 53 7 16 42 82 65 14 19 2 17 36 22 45 35 51 11 38 84 46 33 60 18 30 47
13 40 28 40 15 81 52 27 72 6 3 85 25 34 67 8 76 21 69 53 7 42 82 65 63 14 19 2 17 36 22 45 35 61 51 29 11 84 1 58 83 33
14 19 28 40 15 81 52 27 72 57 25 48 67 21 69 53 7 42 82 65 63
15 3 28 55 79
16 18 40 79 15 81 52 27 72 6 25 48 67 8 76 21 69 53 23 7
17 22 28 39 40 79 15 81 52 27 72 6 85 57 25 48 21 53 23 16 82 65 63 19
18 34 28 40 79 81 27 85 25 48 76 21 43 53 23 7 42 65 24 63 14 19 17 36 78 22 45 49 26 54 29 11 84 46 73 60
19 23 28 55 75 39 40 79 15 81 52 6 85 25 48 67 21 69 53 23 16 42 82 65 63
20 39 40 81 72 6 85 25 34 67 8 21 53 23 16 42 82 65 24 71 63 2 17 78 22 45 49 5 35 54 51 11 84 73 83 60 13 30 62 47 56
21 13 28 39 40 79 15 81 27 72 6 85 25 67 8
22 29 28 55 79 15 81 27 72 6 25 67 76 31 21 43 53 23 7 16 42 82 65 24 71 63 14 19 2 17 36
23 18 28 55 40 15 81 27 72 6 3 85 25 34 67 8 76 21 69 53
24 21 28 40 15 81 52 27 72 6 3 85 25 67 8 21 69 53 23 16 42 82 65
25 8 28 40 79 15 81 27 72 85
26 29 39 40 81 52 27 6 3 85 57 25 67 8 76 21 69 53 23 16 42 65 24 63 14 2 17 78 22 45 49
27 6 39 40 79 15 81 52
29 30 28 55 40 79 15 81 52 27 72 6 85 25 67 8 76 21 43 23 65 63 14 19 17 78 22 45 49 5 35 54
30 38 28 40 15 81 27 72 6 3 85 25 34 48 67 8 76 21 69 53 23 42 82 65 71 63 14 19 2 17 36 78 22 45 29 11 84 1 83 44
31 15 28 55 40 15 81 52 27 72 6 85 25 48 67 8 76
32 25 28 74 39 40 79 81 27 72 6 3 85 57 48 67 8 21 69 53 23 42 82 65 63 14 19
33 40 28 39 40 15 81 52 27 72 6 3 85 34 67 8 76 21 53 23 7 16 42 82 65 63 14 19 2 78 22 45 49 5 35 54 11 1 58 46 73 83
34 10 28 55 39 40 79 52 27 6 3 25
35 25 28 55 40 79 81 27 72 3 85 25 48 67 21 53 23 16 82 65 14 2 17 78 22 45 49
36 24 28 55 40 79 81 52 27 72 6 25 67 8 76 21 53 16 42 82 65 63 14 19 2 17
37 49 28 39 40 79 15 81 27 72 6 85 25 34 67 8 76 21 43 53 23 42 82 65 71 63 14 19 17 78 22 45 49 26 5 35 54 59 51 29 11 38 84 46 73 83 33 18 44 30 47
38 33 28 74 55 39 40 79 15 81 27 72 3 85 25 67 8 21 23 7 82 65 63 14 19 36 22 45 49 35 54 61 51 29 11
39 3 28 80 55
40 1 28
41 41 28 55 39 40 79 15 81 52 27 72 6 3 25 67 8 21 53 16 42 82 65 19 2 78 22 45 5 54 51 29 11 46 83 44 30 10 50 56 9 70 64
42 17 28 40 15 52 27 72 6 3 85 25 67 8 76 21 53 23 7
43 16 28 55 40 79 15 81 27 72 6 3 25 34 48 8 76 69
44 38 55 40 79 81 52 27 72 6 85 25 34 67 76 21 69 23 16 42 82 65 24 63 2 32 17 36 78 22 45 35 54 29 11 1 46 73 83 33
45 29 28 39 40 79 15 27 72 85 25 67 8 76 31 21 69 53 23 16 42 65 24 71 63 19 2 17 36 78 22
46 40 28 55 40 79 15 27 72 6 3 25 34 48 67 8 31 21 69 53 23 7 42 65 63 14 19 2 17 36 78 22 45 49 5 54 59 51 29 11 38 1
47 43 28 40 79 15 27 72 6 3 25 34 48 67 8 76 69 53 23 16 42 65 14 19 36 78 22 45 49 26 5 35 51 29 11 84 1 58 73 83 60 18 13 44 30
48 11 28 40 79 15 81 27 72 6 3 25 34
49 28 28 39 40 79 81 27 6 3 85 25 67 8 76 21 69 53 23 7 42 82 65 24 63 14 19 17 78 22
50 45 28 40 79 15 81 27 72 6 3 85 25 34 48 67 21 69 53 23 16 42 82 65 71 14 19 2 17 78 22 45 49 5 54 51 29 11 84 1 73 83 33 60 44 30 47
51 29 28 55 40 79 15 52 72 6 3 25 34 8 76 21 69 53 23 7 16 42 65 14 19 2 32 78 22 45 5
52 7 28 55 39 40 79 15 81
53 16 28 40 79 81 52 27 72 6 3 85 25 34 48 67 8 21
54 26 40 15 81 27 3 57 25 48 67 8 21 43 53 23 16 42 65 71 19 2 17 36 22 45 49 35
55 1 28
56 43 28 40 79 15 81 27 72 85 25 34 67 8 76 21 69 43 53 7 42 82 65 24 63 19 2 17 78 22 45 51 29 11 38 84 1 46 83 33 60 44 62 47 50
57 10 28 40 79 15 81 52 27 72 3 85
58 34 55 39 40 79 81 72 3 85 25 67 8 76 21 69 43 53 23 16 42 82 65 63 2 17 36 78 22 45 49 5 51 11 84 1
59 30 40 79 15 81 52 27 72 3 85 25 48 67 8 4 76 21 69 53 23 7 16 42 82 65 19 17 36 22 45 35
60 39 28 39 40 79 15 81 52 27 72 6 85 57 25 67 8 21 69 53 23 7 16 42 65 24 71 63 19 17 78 22 45 49 5 35 54 11 1 46 73
61 30 28 39 40 79 15 27 72 6 3 85 57 25 48 67 21 69 53 23 16 42 65 24 63 19 32 78 22 45 35 54
62 39 28 79 15 81 27 72 3 85 25 48 67 8 76 21 23 16 42 82 65 24 63 14 19 2 17 78 22 45 49 35 51 29 11 84 1 46 83 44 30
63 21 28 80 55 39 40 81 52 27 72 6 3 25 48 67 8 21 53 16 42 82 65
64 39 28 74 75 40 15 81 27 72 6 85 25 48 67 8 76 21 23 42 19 2 22 45 49 54 11 1 46 73 83 33 60 44 30 62 47 50 56 9 70
65 19 28 40 79 15 81 52 27 72 6 85 48 67 21 69 53 23 16 42 82
66 41 28 40 15 81 27 72 6 85 25 34 21 53 23 16 82 24 63 14 2 17 36 78 22 45 49 54 51 11 84 46 73 83 60 18 44 30 62 10 37 50 9
67 9 28 79 15 81 72 6 3 85 25
68 39 28 40 15 81 52 27 72 6 3 85 57 25 34 8 21 69 53 23 42 82 65 63 14 19 2 78 22 45 5 35 51 11 1 83 44 30 62 47 77
69 15 28 55 40 79 15 81 52 72 6 85 25 34 8 76 21
70 42 28 79 81 27 72 3 85 25 48 67 8 21 69 53 23 7 16 42 82 24 19 2 32 17 36 22 45 49 5 35 29 11 46 73 83 18 30 47 50 56 68 9
71 22 28 40 79 81 27 72 3 85 25 48 67 4 31 43 53 23 7 16 42 82 65 24
72 9 28 80 39 40 79 15 81 52 27
73 39 28 55 39 40 79 15 81 52 27 72 6 3 85 25 34 48 8 76 21 53 23 7 82 65 24 63 14 2 17 36 78 22 45 54 29 11 38 1 46
74 1 28
75 2 28 55
76 12 28 40 79 81 27 72 3 25 34 48 67 8
77 39 28 55 79 15 81 27 72 6 3 25 48 8 21 69 43 53 23 16 42 82 65 24 14 19 36 22 5 35 54 51 11 38 84 46 83 60 44 30 47
78 27 55 40 79 15 81 52 27 72 3 85 25 48 67 8 76 21 53 23 16 65 24 71 63 14 2 17 36
79 3 28 55 40
80 1 28
81 4 74 40 79 15
82 19 28 40 79 15 81 27 72 6 3 85 25 67 76 21 53 23 7 16 42
83 36 28 40 79 15 81 27 6 25 34 67 8 21 69 53 7 16 42 65 24 63 14 19 2 17 36 78 22 45 49 26 59 11 38 84 1 46
84 33 28 55 40 79 15 81 52 27 6 3 85 57 25 48 67 8 53 7 16 42 65 71 63 19 2 17 22 45 49 35 54 11 38
85 9 28 55 40 79 15 81 27 72 3

95 92
1 19 30 2 66 11 67 73 59 39 63 7 5 10 13 64 3 65 83 53 95
3 13 66 11 67 73 59 63 34 7 10 13 77 38 89
4 15 67 73 59 7 79 5 10 6 13 64 15 51 89 3 65
5 9 2 66 67 44 73 59 63 7 79
6 7 30 67 73 59 7 86 10
7 5 11 44 73 59 34
8 11 66 11 67 44 73 59 39 34 79 5 10
9 24 67 44 73 59 39 55 5 10 16 13 84 89 83 22 28 95 1 54 32 57 47 94 18 82
10 12 30 66 11 67 44 73 59 39 63 7 86 5
11 1 66
12 37 66 11 67 44 73 59 55 34 10 52 13 64 15 84 38 51 89 83 95 40 1 54 32 41 70 57 24 25 58 94 82 26 93 33 61 88 17
13 6 66 73 59 39 34 10
14 11 66 67 73 59 39 63 7 5 10 16 13
15 12 66 11 73 59 39 7 5 10 8 37 68 13
16 9 66 11 67 44 73 59 39 86 10
17 36 66 67 44 73 59 63 55 7 86 10 8 16 52 13 77 51 83 22 28 95 40 1 54 32 70 76 25 94 75 82 9 27 26 93 33 61
18 22 30 66 67 73 39 7 10 16 68 13 92 89 3 83 95 1 54 69 41 24 94 75
19 36 66 67 44 73 59 39 63 7 5 10 68 13 14 51 92 83 1 54 32 69 70 24 58 50 27 26 93 33 61 88 17 12 90 72 31 60
20 32 66 67 73 59 39 5 10 16 68 13 14 77 38 51 3 65 83 71 1 54 41 76 24 25 43 47 94 75 82 26 93 33
21 39 30 11 44 73 39 55 34 7 79 5 10 6 52 13 64 51 89 3 53 28 95 1 54 32 76 24 25 47 94 75 26 93 33 87 61 12 90 72 31
22 22 67 44 73 59 39 63 55 7 5 10 16 37 52 13 14 77 84 38 89 3 65 4
23 46 2 66 11 67 73 59 39 7 5 10 8 37 68 52 13 14 84 51 89 83 32 69 41 70 76 24 25 94 75 82 9 27 93 33 87 17 12 90 72 31 42 45 60 19 21 56
24 18 30 66 67 59 39 63 34 7 86 10 13 14 64 65 83 95 54 32
25 22 66 67 44 73 59 39 34 10 68 13 51 89 65 4 83 48 28 95 54 69 41 24
26 33 67 44 73 59 39 63 7 5 10 8 16 6 68 13 64 15 92 89 3 65 83 22 1 54 32 41 76 24 43 58 47 9 27
27 33 30 2 67 73 59 39 63 55 7 10 16 74 13 64 15 38 51 85 83 53 22 95 1 54 32 69 41 70 24 25 47 94 75
28 25 30 66 11 67 73 59 39 63 34 7 5 10 6 37 68 13 14 64 15 84 92 89 65 83 22
29 50 2 66 67 44 73 59 39 63 34 5 10 8 52 13 14 64 77 51 83 95 54 32 41 70 76 24 25 58 94 75 49 18 82 27 26 93 33 61 88 17 12 90 72 31 60 91 46 56 35 23
31 37 66 67 59 39 34 7 5 10 6 68 52 13 15 38 51 89 3 4 83 53 71 54 32 69 70 76 24 47 9 27 26 93 61 88 17 12 90
32 19 66 44 73 59 63 7 5 10 8 68 13 15 38 65 4 53 22 40 54
33 36 30 11 67 73 59 39 63 7 5 10 8 6 37 74 13 15 38 51 89 65 83 53 95 71 54 32 41 24 25 58 94 75 18 27 26 93
34 7 66 11 67 44 73 59 63
35 46 30 2 66 67 73 59 39 10 68 13 14 64 89 83 28 95 1 32 41 70 57 24 25 94 75 18 82 9 27 26 93 33 87 61 88 17 78 12 90 72 31 91 19 21 46 56
36 29 66 67 44 73 39 86 8 52 13 64 15 84 89 83 22 54 32 70 76 24 47 94 75 18 82 93 33 61 17
37 10 30 67 44 73 59 39 34 5 10 8
38 14 30 2 67 44 73 59 63 34 79 10 68 13 64 84
39 6 30 2 66 44 73 59
40 19 66 67 73 59 39 55 7 79 5 10 13 64 38 51 65 83 53 22 95
41 22 30 2 67 73 63 7 10 68 52 13 14 64 15 77 51 4 83 48 28 1 54 32
42 44 66 67 73 59 39 63 7 5 10 16 68 13 64 15 51 85 65 4 83 22 28 95 71 54 32 69 41 76 24 43 58 94 82 26 93 33 87 61 88 17 78 12 72 31
43 30 67 73 59 39 63 7 79 5 10 16 6 37 13 14 77 51 92 89 3 65 53 28 71 1 54 32 41 70 24 25
44 2 2 11
45 39 30 2 67 44 73 39 63 55 7 86 5 10 16 6 52 13 64 92 89 95 54 32 69 41 76 24 58 47 94 75 26 93 33 87 61 17 12 90 72
46 42 66 44 59 39 63 7 5 10 68 13 77 84 38 89 3 65 83 53 28 95 71 54 32 41 70 24 94 18 82 9 27 26 93 33 88 17 12 72 60 91 19 21
47 27 30 66 11 67 44 73 59 39 55 7 5 10 8 16 37 13 14 84 83 95 1 54 41 70 76 24 58
48 20 66 44 73 39 7 79 5 10 16 37 68 13 64 77 84 38 51 89 3 65
49 25 66 73 59 39 7 79 5 10 8 16 52 13 84 89 65 4 83 54 70 24 25 43 58 94 75
50 26 66 67 44 73 59 39 63 55 34 7 5 74 13 51 83 22 71 1 54 32 70 76 24 25 94 75
51 13 66 44 73 59 39 63 7 5 10 52 13 14 64
52 9 2 67 44 73 39 55 7 5 10
53 19 66 67 44 73 59 39 34 7 79 5 10 8 16 68 13 51 89 65 83
54 22 30 11 67 44 59 39 7 5 10 16 37 68 13 14 64 84 51 89 65 83 95 1
55 4 67 73 39 63
56 47 66 67 73 59 39 63 55 7 5 10 6 68 13 14 64 38 51 3 65 83 22 95 71 1 54 32 76 24 75 18 82 9 27 26 93 33 87 61 88 17 12 90 72 31 42 60 46
57 26 2 66 11 67 73 59 39 86 5 10 52 74 13 64 15 84 38 92 3 22 28 95 71 54 41 76
58 25 66 44 73 59 39 55 7 10 8 6 13 14 64 84 89 83 22 28 95 54 32 76 24 25 43
59 3 66 44 73
60 36 66 73 59 39 34 5 10 6 52 13 77 84 89 22 28 71 1 54 41 70 24 94 50 82 27 26 93 33 87 61 17 36 90 72 42 45
61 38 66 67 44 73 59 63 55 7 79 5 10 52 13 14 64 15 51 92 89 65 4 83 53 95 54 32 76 57 24 94 18 82 9 27 26 93 33 87
62 40 30 2 66 73 59 39 55 34 7 79 10 16 13 14 15 84 38 51 65 71 1 54 32 41 70 57 24 25 94 75 26 93 33 87 61 88 17 12 72 31
63 7 66 11 67 44 73 59 39
64 14 66 67 73 59 39 34 7 79 5 10 8 6 68 13
65 21 2 67 44 73 59 39 63 55 34 7 5 10 8 37 68 52 13 77 84 92 89
67 4 30 2 66 11
68 12 2 66 44 73 59 39 34 7 86 79 5 10
69 18 67 44 73 59 7 10 16 68 13 14 84 38 89 65 83 22 54 32
70 25 30 2 67 44 73 59 39 63 79 10 68 13 64 15 38 89 65 83 48 53 22 95 1 54 32
71 14 11 73 59 39 7 5 10 52 74 13 51 89 3 95
72 37 2 66 67 73 59 39 7 5 10 8 74 13 84 38 65 4 83 28 95 1 54 32 70 25 94 75 82 9 27 26 93 33 87 61 17 12 90
73 3 66 11 67
74 13 2 11 73 59 39 63 7 5 10 8 16 6 37
75 30 44 73 59 39 34 7 10 8 6 13 64 15 84 38 51 92 89 3 4 83 53 71 1 54 32 41 70 76 24 94
76 17 66 67 44 73 59 39 7 5 10 52 13 64 51 65 95 1 70
77 13 30 2 67 73 59 39 63 7 79 10 68 13 14
78 31 66 11 67 73 59 39 7 5 10 68 52 13 64 65 83 28 1 54 32 76 24 25 47 94 18 27 26 93 33 87 17
79 7 2 66 11 67 73 59 39
80 44 66 11 67 44 73 59 39 63 79 13 64 38 51 92 89 83 95 71 1 54 32 69 70 24 25 58 94 75 82 27 26 93 33 87 61 17 78 12 90 72 60 19 46 56
81 32 30 44 73 39 55 5 10 13 15 51 92 89 3 83 22 28 95 32 76 24 47 94 18 27 26 93 33 87 61 17 12 90
82 25 73 59 39 7 5 10 13 64 89 65 83 22 28 95 1 54 41 70 76 57 24 43 94 50 18
83 16 66 73 59 39 63 55 79 10 6 13 14 64 51 92 89 3
84 10 2 66 67 44 73 59 7 10 13 15
85 16 2 66 11 44 73 59 39 63 7 79 10 8 13 77 84 89
86 7 66 67 44 73 59 39 63
87 33 66 67 73 59 63 7 86 5 10 37 52 64 38 89 85 3 65 83 53 71 1 54 32 41 25 94 75 82 9 27 26 93 33
88 37 66 67 73 59 39 63 34 10 16 37 68 13 84 51 89 65 83 53 28 95 1 54 69 41 70 24 94 18 82 9 27 26 93 33 20 87 61
89 13 66 67 73 59 39 63 7 86 5 10 13 14 92
90 36 30 66 67 44 73 59 39 63 34 5 10 13 84 51 65 83 95 1 54 32 69 41 57 24 25 94 75 18 27 26 93 33 61 88 17 12
91 34 30 67 73 39 34 7 5 10 37 13 14 64 89 65 53 95 71 1 54 32 69 76 24 94 75 18 82 9 26 93 33 12 90 31
92 13 66 11 73 59 39 7 5 10 8 68 13 64 84
93 30 11 44 73 59 39 7 5 10 16 13 84 38 89 83 48 95 71 1 54 32 69 41 70 76 24 58 94 75 9 27
94 32 30 66 11 67 44 73 59 39 63 7 10 16 37 68 52 13 14 64 15 38 85 3 83 53 22 95 54 32 41 70 24 58
95 16 30 2 67 44 73 59 39 7 52 13 64 15 51 92 65 22

73 72
1 4 63 62 23 61
2 5 34 63 62 61 1
3 21 5 62 69 23 61 1 53 50 15 17 46 48 16 25 35 14 42 26 59 73 58
4 31 5 45 23 61 1 50 15 17 46 57 70 68 48 31 16 25 35 14 42 26 73 58 38 49 8 7 55 52 40 21 71
6 37 62 1 53 2 50 64 15 17 46 57 70 48 16 25 35 14 27 26 59 73 58 38 22 66 67 7 55 54 52 40 21 71 47 60 43 72 30
7 24 5 63 62 23 1 2 64 15 17 57 70 25 35 14 42 59 73 58 3 12 41 38 49 66
8 19 5 69 45 2 50 15 17 46 57 70 68 16 25 35 14 27 73 12 38
9 21 5 62 2 50 64 15 17 70 68 48 16 25 35 14 42 26 59 73 3 12 38
10 41 5 62 23 1 2 50 64 17 46 57 70 48 35 19 14 27 42 59 73 58 38 49 66 67 7 55 32 54 52 40 21 71 4 47 60 18 43 33 13 11 72
11 34 5 62 61 1 2 50 15 46 57 68 48 31 16 25 35 19 14 42 26 73 38 22 67 7 55 52 40 21 71 4 47 60 43 29
12 19 5 62 45 61 1 50 17 46 57 70 48 25 35 37 19 14 59 73 58
13 35 5 62 23 1 2 50 64 15 17 46 57 70 48 16 25 35 14 27 42 59 51 38 49 22 8 67 7 55 52 40 21 71 47 60 43
14 12 5 1 50 15 17 46 57 70 48 16 25 35
15 2 1 50
16 12 63 69 1 2 50 15 17 46 57 70 68 48
17 6 63 62 1 2 50 15
18 32 62 45 23 61 1 64 15 46 57 70 48 16 25 35 14 42 26 59 73 38 49 22 8 67 7 54 52 40 71 4 47 60
19 15 5 34 62 45 61 1 2 15 46 57 70 68 16 25 35
20 38 5 62 69 1 50 15 17 57 70 68 48 16 25 35 37 14 42 26 59 73 58 49 8 67 55 32 54 52 40 71 47 60 18 43 33 29 72 6
21 33 5 63 62 61 1 2 50 64 17 46 57 70 68 48 16 25 35 19 14 59 73 58 49 22 8 66 67 7 55 32 54 52 40
22 19 62 1 2 50 15 17 46 57 70 48 16 25 35 14 26 59 58 38 49
23 3 5 62 45
24 36 5 34 45 1 2 50 17 46 57 70 48 31 16 25 35 14 42 26 59 73 58 49 22 8 67 7 55 54 40 71 47 60 43 13 29 11
25 10 62 23 1 2 15 17 57 70 48 16
26 9 5 62 1 2 64 31 25 14 42
27 12 5 1 2 50 15 46 57 68 48 16 25 14
28 24 63 62 45 23 2 50 15 17 46 57 70 68 48 31 16 25 35 14 73 58 38 22 8 66
29 32 62 1 53 50 15 46 57 48 16 25 35 14 27 42 59 73 58 12 38 49 9 8 66 67 55 28 52 40 71 47 60 43
30 28 5 1 2 17 57 70 16 25 35 14 42 73 12 38 49 22 8 67 7 55 52 40 21 71 47 43 29 72
31 10 5 62 45 2 50 64 15 17 46 57
32 28 63 62 23 61 1 50 15 46 57 68 48 16 25 35 14 42 26 59 73 58 12 41 38 49 22 67 7 55
33 33 5 62 45 61 1 2 50 64 15 17 46 57 70 68 16 25 35 19 36 14 42 73 58 38 8 7 55 52 40 71 47 60 43
34 1 5
35 13 34 62 1 2 50 64 15 17 46 57 70 68 25
36 17 5 34 63 62 45 23 61 2 50 15 17 46 57 68 48 16 35
37 15 5 34 62 45 1 50 64 15 17 57 70 68 16 25 35
38 17 5 23 61 1 50 15 17 57 68 48 25 35 36 14 42 73 58
39 37 5 62 23 1 2 50 17 46 57 70 68 48 16 25 35 36 14 42 59 73 58 12 38 49 22 8 66 7 32 54 52 40 47 60 43 72 10
40 28 5 63 62 45 23 61 1 2 50 15 17 57 16 25 36 14 27 12 38 49 22 67 7 55 32 54 28 52
41 15 5 62 23 61 1 64 15 46 57 25 35 14 73 58 12
42 13 5 45 50 15 17 46 57 68 16 25 35 37 14
43 30 5 63 62 61 1 2 50 64 17 57 16 25 35 37 19 14 26 73 58 12 38 49 8 54 52 40 71 47 60 18
44 34 5 63 61 1 2 15 46 70 68 48 16 25 35 37 14 27 73 12 38 49 9 8 7 55 54 40 21 71 47 60 43 29 72 20
45 1 63
46 7 62 45 2 50 64 15 17
47 22 62 50 17 57 68 48 16 25 35 14 42 73 58 38 49 22 7 55 52 40 21 71
48 7 63 62 2 50 15 57 70
49 24 5 23 61 1 2 64 17 46 57 70 68 48 16 25 35 14 26 59 73 58 51 12 41 38
50 7 5 34 23 61 1 53 2
51 17 5 62 23 2 50 17 46 68 48 16 25 35 14 42 59 73 58
52 24 5 62 23 1 2 64 15 46 57 70 68 48 25 35 14 42 73 12 38 49 66 7 55 54
53 5 5 63 62 23 1
54 27 5 34 62 45 1 53 2 50 15 17 57 68 48 16 25 35 37 19 14 42 26 59 12 38 49 67 55
55 29 5 63 62 45 23 61 2 50 17 57 68 48 31 16 25 35 37 36 14 27 42 26 73 58 38 49 8 67 7
56 34 5 62 61 1 50 15 17 57 68 31 16 25 35 19 14 42 59 73 58 51 38 7 55 54 52 40 71 47 60 43 29 6 20 44
57 8 23 61 1 2 50 15 17 46
58 19 62 23 61 1 2 50 15 46 57 70 68 16 25 35 37 14 42 59 73
59 14 5 62 1 15 17 57 68 48 16 25 35 14 27 42
60 31 5 62 45 61 1 50 15 57 70 68 48 31 25 35 14 27 42 26 59 73 58 12 38 7 55 32 54 52 40 71 47
61 3 5 62 23
62 1 5
63 1 5
64 6 5 34 62 69 1 2
65 1 63
66 20 5 45 61 1 2 50 46 57 48 16 25 35 14 42 73 58 51 12 49 8
67 19 5 62 61 53 50 64 15 46 57 70 68 16 35 14 59 58 12 38 8
68 7 62 61 1 2 15 17 57
69 4 5 34 63 62
70 10 63 62 45 23 1 53 2 50 15 17
71 27 62 23 61 1 2 50 15 46 57 70 68 48 16 25 35 37 14 59 73 12 38 49 7 55 54 52 40
72 36 5 34 62 61 1 2 50 15 17 57 70 48 31 16 35 19 14 42 73 12 38 49 8 67 7 55 54 28 52 40 21 71 4 47 60 43
73 19 5 63 62 23 1 2 50 15 57 48 31 16 25 19 14 27 42 26 59

80 68
1 9 58 78 77 17 70 25 21 48 72
2 8 9 54 13 10 15 16 59 74
3 2 29 71
4 3 33 53 40
5 6 40 72 55 77 29 53
6 7 74 76 27 8 32 14 46
7 8 22 48 56 50 71 37 43 53
8 4 19 35 24 34
9 8 32 51 58 76 67 22 37 17
10 1 30
11 8 19 14 43 68 56 74 26 45
12 6 21 39 32 74 79 44
13 1 22
14 5 18 38 28 48 33
15 3 44 59 37
16 4 32 50 66 71
17 7 27 33 30 56 75 70 26
18 1 50
19 1 52
20 1 76
21 5 39 68 43 28 71
22 5 27 31 67 35 65
23 1 75
24 8 60 38 65 57 68 51 64 30
25 1 70
26 6 80 41 51 58 65 40
27 5 75 64 47 68 41
28 1 34
29 6 45 40 71 46 78 80
30 6 46 74 77 40 38 47
31 7 80 65 53 45 51 72 68
32 3 50 51 80
33 2 67 62
34 2 38 68
35 7 55 71 43 45 67 78 59
36 9 74 38 62 56 51 53 77 70 78
37 9 75 41 78 44 42 77 58 74 54
38 8 69 73 57 74 55 50 59 80
39 9 58 76 47 59 56 77 80 53 62
40 4 42 54 57 63
41 1 75
42 2 60 44
43 1 57
44 5 66 59 61 70 77
45 8 49 61 72 50 63 76 68 53
46 9 55 57 48 68 67 53 70 78 72
47 8 77 65 48 74 64 78 61 63
48 9 70 62 49 77 76 78 63 59 72
49 3 76 72 59
50 5 56 59 75 66 78
51 7 75 60 67 80 74 52 70
52 7 75 54 65 58 59 57 66
53 2 59 80
54 3 64 74 60
55 3 71 64 70
56 5 78 60 75 62 70
57 2 74 76
58 8 68 59 80 67 66 75 61 62
59 5 80 71 65 66 61
60 2 74 75
61 7 79 63 74 73 77 64 72
62 1 74
63 8 76 79 73 72 64 68 80 66
64 1 77
65 8 68 79 70 78 75 73 69 77
66 5 79 71 67 70 72
67 7 76 79 80 70 75 71 68
68 6 74 79 72 76 73 80

85 33
5 3 75 16 13
6 9 45 37 79 12 68 66 38 24 43
7 2 10 14
8 3 56 65 36
9 9 21 47 67 63 49 56 80 65 28
10 6 37 70 73 27 68 65
11 5 20 66 50 39 28
12 7 83 26 50 17 71 56 49
13 3 36 20 54
14 3 18 16 28
15 5 43 19 31 18 30
16 7 19 39 38 22 78 41 80
17 2 33 66
18 7 35 75 21 48 62 31 30
19 9 70 21 33 81 64 74 44 65 62
20 9 46 55 28 40 38 36 71 35 79
21 7 81 35 52 23 74 71 39
22 3 43 39 45
23 1 49
24 4 67 64 61 28
25 5 33 51 46 28 37
26 6 35 52 36 34 73 84
27 9 81 71 68 66 31 45 50 47 55
28 8 78 49 75 66 81 71 77 37
29 3 60 47 65
30 6 37 84 43 73 39 70
31 1 41
32 9 49 33 42 56 80 53 47 44 43
33 6 85 54 59 72 34 62
34 5 63 65 85 53 39
35 7 78 85 73 74 70 80 39
36 1 47
37 7 80 42 54 46 56 82 51

89 11
10 4 58 9 33 41
63 4 83 68 40 21
21 10 13 83 44 19 68 52 72 40 9 29
64 9 44 52 26 37 11 41 19 67 27
3 12 40 19 29 32 7 86 83 53 41 9 50 13
19 4 44 40 68 29
1 11 85 41 52 50 29 7 3 68 19 23 63
83 6 68 13 44 29 40 19
36 6 13 2 68 44 7 21
20 10 2 81 87 21 58 7 29 46 9 23
49 10 1 53 30 48 32 81 41 38 27 21

56 5
50 1 38
31 9 44 13 16 38 48 45 34 52 35
42 2 45 38
18 2 48 35
20 6 34 39 35 11 16 3

79 6
28 1 47
33 4 19 9 7 47
61 5 7 63 77 52 27
39 13 3 72 75 28 7 6 32 52 9 27 63 78 55
37 14 75 16 56 34 54 33 52 9 72 17 14 21 18 38
57 9 7 32 52 55 19 18 36 28 78

29 7
5 8 13 7 26 2 11 24 16 19
22 1 2
27 2 22 4
11 3 24 2 22
4 5 1 25 2 22 11
25 2 2 24
7 5 24 11 2 25 22

98 13
29 7 89 14 41 72 62 78 47
68 11 48 27 82 65 38 39 53 9 21 5 13
15 2 39 69
48 5 53 33 14 72 56
41 5 24 48 14 93 80
65 1 39
50 12 84 95 8 21 90 6 38 15 75 94 13 14
60 2 89 18
17 2 69 65
95 17 39 69 41 62 72 23 47 97 9 45 80 88 29 93 17 65 24
97 2 9 48
94 4 78 33 89 85
87 13 75 53 14 69 33 56 72 31 58 84 9 8 24

60 50
57 1 59
18 2 27 3
7 1 33
31 2 8 17
52 1 55
22 4 45 39 30 13
50 1 43
11 3 16 27 18
20 2 14 26
49 3 8 39 1
16 2 51 29
8 2 39 60
43 4 14 56 4 47
29 2 37 10
5 1 14
28 2 39 53
37 2 55 2
45 4 23 47 9 44
12 2 1 48
55 2 10 59
56 1 15
42 3 23 58 41
10 2 9 59
24 2 6 19
46 1 30
41 1 54
39 3 1 34 54
21 2 38 40
6 3 18 2 1
14 2 17 48
23 2 18 47
38 3 54 26 33
30 1 1
1 3 17 11 59
17 4 9 38 37 32
25 2 53 4
54 3 36 13 44
53 2 37 11
48 3 4 32 15
47 1 60
34 3 40 41 10
36 2 51 7
58 2 29 60
19 1 41
32 4 51 41 10 55
2 3 51 7 3
4 3 3 15 54
35 3 36 54 26
60 3 10 38 20
40 2 18 33

48 45
2 1 1
5 2 2 4
6 3 2 3 5
7 2 1 6
8 3 2 3 7
9 3 3 6 8
10 6 4 5 6 7 8 9
11 5 1 2 3 6 10
12 7 1 5 6 7 8 9 10
13 4 3 6 7 12
14 8 1 2 7 8 9 11 12 13
15 8 1 4 5 7 8 9 11 14
16 7 2 5 11 12 13 14 15
17 10 1 2 4 5 6 7 8 9 13 15
18 9 3 4 6 8 9 10 12 13 15
19 10 3 4 6 7 9 10 11 12 15 18
20 8 2 3 5 6 11 12 16 18
21 14 1 2 6 7 8 11 12 14 15 16 17 18 19 20
22 10 1 3 4 6 7 9 16 17 18 21
23 7 1 3 4 5 6 8 12
24 15 1 3 4 5 8 9 10 11 12 14 16 20 21 22 23
25 11 1 3 5 7 8 10 12 14 15 22 23
26 12 1 2 4 6 10 14 18 20 21 22 24 25
27 15 1 2 4 5 6 10 11 15 16 17 19 20 22 23 24
28 10 1 5 7 13 14 21 22 23 25 27
29 18 1 3 4 5 6 8 9 11 12 13 17 18 21 22 23 24 27 28
30 15 1 4 5 6 7 10 11 13 16 17 22 24 25 26 28
31 17 2 5 7 9 11 12 13 14 15 16 17 18 19 23 25 26 28
32 18 3 4 6 7 8 9 11 14 15 16 17 20 22 23 24 25 27 28
33 17 1 2 3 6 7 9 16 19 21 22 24 25 26 29 30 31 32
34 19 1 5 6 7 8 9 10 12 13 17 18 19 20 25 27 28 29 31 33
35 19 1 5 8 9 10 11 12 14 15 17 18 21 23 25 28 29 30 33 34
36 18 1 3 4 8 10 12 13 14 15 16 20 22 24 29 30 31 32 33
37 25 1 3 5 6 7 9 10 11 12 13 14 16 17 21 22 23 25 28 29 30 31 33 34 35 36
38 15 1 6 7 8 10 12 20 21 24 25 27 30 32 33 37
39 25 1 2 3 4 5 6 9 10 11 12 15 18 19 21 22 25 26 27 28 29 32 33 35 36 37
40 16 4 5 6 8 13 14 20 22 24 28 29 30 32 34 37 39
41 16 2 3 4 8 9 10 12 14 19 22 25 29 31 34 37 40
42 17 2 3 4 6 9 10 15 17 19 23 28 29 30 32 34 36 40
43 22 3 5 6 7 8 13 14 16 18 19 22 23 24 25 26 27 28 32 33 34 37 40
44 25 2 3 4 6 8 10 11 13 14 15 20 21 22 23 25 26 29 33 35 36 38 39 40 41 43
45 26 2 4 5 6 8 10 11 13 14 15 19 21 22 24 25 26 27 28 29 30 33 34 41 42 43 44
46 19 1 4 6 9 13 16 19 20 23 26 27 29 34 35 37 38 43 44 45
47 15 5 7 11 12 17 19 20 21 22 25 29 33 34 36 37
48 24 2 3 5 6 8 9 11 15 16 17 20 21 23 25 26 27 28 31 32 36 42 45 46 47

68 66
3 1 1
4 2 1 2
5 1 4
6 1 5
7 2 2 6
8 3 2 3 7
9 2 2 6
10 4 1 2 5 6
11 4 1 3 8 9
12 7 1 3 4 5 8 9 10
13 3 3 6 8
14 4 1 5 6 10
15 8 1 4 6 7 9 10 13 14
16 8 2 3 5 6 8 11 12 15
17 8 3 6 7 9 11 13 14 16
18 7 1 2 6 7 10 11 14
19 7 1 2 6 11 14 17 18
20 8 1 2 5 10 11 13 18 19
21 7 6 7 8 9 10 14 19
22 10 1 3 4 5 9 12 13 14 18 19
23 11 1 3 4 6 7 10 11 13 17 19 21
24 18 1 3 4 5 6 7 8 9 10 11 12 15 16 18 19 20 21 22
25 17 1 2 6 7 9 10 11 12 14 15 16 19 20 21 22 23 24
26 9 1 2 3 4 8 9 11 15 16
27 16 3 4 7 8 9 10 12 15 16 17 18 21 22 24 25 26
28 8 2 3 6 10 17 18 24 27
29 14 3 4 5 7 9 10 14 16 21 22 24 26 27 28
30 13 2 4 7 8 9 11 13 14 15 18 21 26 28
31 17 2 3 5 6 7 9 10 12 13 16 17 18 19 21 22 23 24
32 13 4 11 14 15 17 18 19 22 25 26 28 29 31
33 16 5 6 7 8 10 13 17 18 19 20 21 22 24 25 27 28
34 14 3 4 7 10 12 14 15 17 21 22 24 27 28 32
35 18 1 4 7 8 11 12 13 14 15 18 21 26 28 29 30 32 33 34
36 18 2 5 8 10 13 16 18 19 22 23 24 25 26 31 32 33 34 35
37 12 4 6 7 11 13 14 20 28 29 31 34 36
38 17 1 2 5 7 11 12 13 20 22 23 27 30 32 34 35 36 37
39 22 1 5 6 8 11 14 15 16 18 19 22 24 25 26 27 28 29 31 32 33 34 36
40 16 1 3 8 10 13 15 18 19 22 28 29 30 35 36 38 39
41 21 1 3 4 6 8 10 12 13 14 17 19 22 23 26 27 29 31 33 36 37 40
42 15 1 4 7 8 9 10 12 17 19 26 29 31 36 39 40
43 19 2 5 8 9 10 12 14 16 21 22 30 32 33 34 37 38 39 40 42
44 20 1 4 6 7 9 17 18 22 24 28 29 31 33 34 35 37 39 40 41 42
45 21 1 4 9 11 12 16 17 20 21 22 23 25 26 30 32 33 34 36 38 39 42
46 25 3 4 6 7 9 10 12 13 14 19 20 21 25 26 30 33 34 35 36 37 39 40 42 43 45
47 21 1 4 5 6 9 10 17 19 21 25 27 28 29 31 32 33 38 39 42 44 45
48 20 1 2 4 7 10 12 17 18 19 21 22 23 25 31 32 34 37 40 43 45
49 27 2 3 5 6 8 9 11 13 17 18 19 21 22 23 24 25 28 30 31 33 37 39 40 41 45 46 48
50 23 2 5 6 7 8 9 11 12 15 17 20 23 24 26 27 28 30 34 39 40 41 46 47
51 29 1 4 6 7 8 9 12 14 16 17 19 20 22 23 24 25 26 29 30 32 33 35 38 39 42 43 44 45 48
52 28 1 2 4 5 7 13 14 15 17 19 21 22 23 24 26 27 28 30 35 36 37 38 39 41 42 43 46 51
53 26 2 3 5 8 14 17 19 20 21 22 23 24 26 27 35 36 38 39 42 43 45 46 47 48 50 51
54 28 1 2 4 6 9 10 11 12 18 20 21 23 26 27 29 31 36 38 40 42 43 44 45 46 48 50 52 53
55 25 2 3 4 5 6 7 8 9 10 11 12 13 14 15 16 19 22 25 36 41 47 49 50 52 54
56 27 2 3 5 6 10 11 13 15 16 17 21 22 23 25 28 30 32 37 38 42 44 45 48 51 52 53 54
57 29 5 6 7 8 10 11 14 16 17 23 27 30 31 32 33 34 35 36 37 38 40 41 42 43 44 48 49 53 56
58 38 1 2 3 5 6 8 9 10 11 12 13 14 15 16 17 19 21 24 25 26 27 28 29 30 33 36 39 41 42 43 48 49 50 51 53 55 56 57
59 30 1 2 4 5 6 8 10 13 15 16 19 20 22 23 26 28 30 31 33 38 39 42 44 45 50 51 54 55 56 57
60 28 2 5 6 7 11 13 14 15 17 18 21 23 24 25 27 28 31 32 35 42 43 44 45 47 50 51 56 59
61 32 1 2 3 4 5 7 9 10 13 14 15 21 23 24 26 31 32 33 35 36 38 40 41 45 48 52 53 55 56 57 58 60
62 33 4 5 7 8 10 13 14 15 19 20 22 23 24 27 28 29 31 32 35 38 39 40 41 42 44 45 46 48 49 52 56 57 59
63 34 2 5 6 7 8 9 12 14 17 18 19 20 22 23 26 29 31 34 35 39 40 41 42 43 45 51 53 54 56 58 59 60 61 62
64 23 4 5 14 15 17 20 22 25 26 35 39 40 41 43 45 46 48 49 51 52 56 57 60
65 25 1 3 4 5 10 12 15 19 20 22 33 34 36 39 40 41 45 46 50 52 54 58 61 62 64
66 26 5 8 11 13 15 16 18 23 24 25 26 27 28 33 34 36 38 42 43 44 50 53 55 57 59 63
67 39 1 3 6 7 8 9 10 11 15 16 17 18 19 20 26 27 28 29 31 33 35 38 41 42 44 45 46 47 48 50 52 53 54 55 58 59 61 62 66
68 32 1 4 5 6 7 10 11 12 13 15 17 19 27 28 32 33 35 39 40 41 43 44 48 49 50 52 53 54 55 62 63 64

7 4
2 1 1
5 2 1 3
6 2 2 3
7 2 5 6

87 86
2 1 1
3 1 2
4 1 3
5 2 1 4
6 4 1 2 3 5
7 4 2 3 5 6
8 3 4 5 6
9 4 1 2 3 4
10 4 1 2 5 9
11 7 2 4 5 6 7 8 9
12 4 8 9 10 11
13 7 1 2 3 6 9 10 11
14 6 1 3 5 8 12 13
15 8 1 3 4 5 6 8 9 10
16 9 1 3 7 8 9 11 13 14 15
17 9 3 4 6 7 9 11 14 15 16
18 8 1 5 7 8 10 11 13 17
19 10 1 5 6 7 10 12 13 14 15 17
20 10 2 4 5 8 11 13 15 16 18 19
21 6 1 2 3 10 14 17
22 9 2 4 6 7 9 10 11 13 21
23 12 1 2 3 4 6 7 8 12 14 20 21 22
24 10 7 9 10 11 14 15 17 19 20 23
25 11 1 3 4 8 9 10 12 16 17 18 22
26 17 1 3 4 6 8 9 11 12 14 16 17 18 21 22 23 24 25
27 14 1 2 5 6 8 13 14 17 19 21 22 23 25 26
28 10 1 3 9 12 16 18 19 20 23 27
29 17 2 3 4 6 7 8 11 13 14 15 16 17 18 19 20 21 28
30 15 1 2 3 4 7 8 13 14 15 16 17 19 20 21 26
31 19 1 2 3 4 5 6 7 8 9 12 14 17 18 19 20 24 27 29 30
32 14 7 8 9 12 13 15 16 17 18 19 21 26 27 28
33 19 1 2 3 4 5 6 7 9 12 14 15 16 18 20 21 22 27 28 31
34 15 4 5 6 8 12 13 14 19 21 23 27 28 31 32 33
35 11 2 6 10 15 17 18 23 25 26 32 34
36 18 1 2 5 6 9 10 11 14 18 19 20 22 23 26 28 31 33 35
37 15 1 3 9 11 13 14 15 21 22 25 27 28 29 30 33
38 20 1 2 4 5 8 9 10 11 12 13 14 15 17 19 20 23 25 28 29 30
39 20 8 11 13 14 15 18 19 20 21 22 23 25 26 28 29 31 33 34 35 37
40 18 4 5 6 7 8 11 13 14 15 16 17 19 20 23 24 28 30 31
41 25 1 2 5 6 7 8 9 10 12 13 14 15 18 19 20 21 22 23 24 26 28 30 31 32 34
42 20 1 3 6 7 8 11 12 13 14 15 16 18 24 25 26 27 29 31 33 35
43 23 2 3 4 6 7 9 13 18 19 20 22 24 27 30 31 32 33 34 36 37 39 41 42
44 23 2 3 4 7 10 14 17 20 21 25 26 27 28 29 30 31 32 33 37 38 39 42 43
45 21 1 3 4 5 6 7 8 12 13 21 26 28 33 34 35 37 38 39 40 42 43
46 26 1 4 5 6 9 12 13 15 16 17 19 20 21 25 26 29 30 31 33 34 36 39 40 41 42 44
47 19 1 2 3 6 9 10 14 18 21 22 30 32 33 34 36 37 39 42 46
48 25 1 4 6 9 10 11 12 13 16 19 21 22 24 25 28 29 32 33 35 37 38 41 42 43 46
49 25 3 4 6 8 10 12 14 15 17 20 22 23 24 25 26 28 29 32 33 34 36 39 44 45 47
50 21 1 4 6 7 8 9 10 13 14 15 20 22 26 29 34 37 38 41 44 46 48
51 30 4 6 7 9 10 12 14 15 16 18 20 21 22 24 25 26 29 30 31 34 35 36 38 40 41 42 43 44 46 48
52 33 1 4 6 8 9 10 11 14 15 16 19 21 25 26 29 30 31 32 33 35 36 37 38 39 40 41 42 43 45 46 47 48 49
53 19 1 3 4 6 10 15 17 25 26 27 28 31 34 35 38 41 47 49 50
54 29 2 3 5 6 8 11 12 13 14 15 18 20 23 25 27 28 29 32 33 40 41 42 45 46 47 48 49 52 53
55 30 1 2 3 6 7 8 11 12 15 17 19 20 21 22 23 25 27 28 30 31 32 36 38 39 40 41 42 46 49 51
56 31 5 6 8 10 11 12 13 14 17 18 20 22 24 25 27 31 32 34 35 37 39 41 42 46 48 49 51 52 53 54 55
57 32 1 3 4 5 6 7 8 9 10 12 14 17 21 22 24 26 27 30 32 33 34 35 39 41 45 47 48 50 52 53 55 56
58 31 1 5 6 7 8 9 10 11 12 13 19 22 25 26 28 29 32 34 36 37 38 39 40 44 45 46 49 50 52 56 57
59 30 1 3 4 6 7 9 11 14 15 16 17 18 20 23 24 25 30 31 32 35 38 39 41 42 46 47 48 49 55 57
60 26 2 3 5 7 10 11 12 13 14 15 23 25 26 27 28 30 32 33 35 41 44 45 47 49 52 56
61 39 2 4 6 7 8 9 10 11 12 13 16 17 18 19 21 22 24 25 26 27 29 31 32 33 35 36 39 41 42 43 44 45 46 50 53 55 57 59 60
62 35 2 3 4 5 6 8 9 10 13 15 17 19 20 24 25 27 29 31 32 33 35 38 40 41 42 45 47 49 51 53 56 58 59 60 61
63 33 1 4 5 9 11 13 14 15 17 18 19 24 25 27 29 30 31 33 34 35 37 38 40 42 44 45 46 48 50 51 55 56 59
64 30 3 10 12 13 14 18 23 25 27 28 30 31 33 34 35 36 39 40 41 42 43 44 46 48 50 51 53 55 56 60
65 36 1 3 5 6 8 9 10 11 13 15 20 22 24 26 29 30 32 33 34 38 39 43 44 47 48 50 51 52 53 54 55 56 57 58 60 61
66 34 3 6 9 11 12 13 14 15 16 21 23 24 27 29 30 32 33 34 37 39 40 41 49 51 52 53 54 55 56 57 58 59 60 61
67 41 3 4 5 6 8 9 10 11 12 13 14 18 21 23 24 28 29 30 34 36 37 38 40 41 42 44 45 46 47 49 50 51 53 54 56 57 59 60 62 65 66
68 37 5 7 8 9 11 12 13 14 15 19 21 22 24 27 28 30 32 33 36 37 45 46 47 48 49 50 52 53 54 56 58 59 60 61 62 63 64
69 32 1 3 4 5 6 8 9 10 14 15 16 17 20 21 22 27 28 29 31 33 35 36 37 39 41 44 48 49 55 56 62 63
70 36 5 6 8 10 13 14 15 21 22 23 24 25 27 28 32 38 39 42 43 45 47 48 49 50 54 55 56 57 58 60 61 64 65 66 67 69
71 35 3 5 11 17 18 20 24 28 30 33 35 36 37 40 42 47 48 49 51 52 53 54 55 56 58 60 61 62 63 64 65 66 67 69 70
72 39 1 3 4 6 7 8 10 11 13 15 18 19 20 21 22 23 24 27 28 32 33 36 40 41 42 44 45 48 50 51 52 53 56 58 59 60 61 62 69
73 31 1 5 7 8 13 14 16 18 22 26 30 32 36 38 41 42 44 45 46 49 50 52 56 57 58 59 60 64 65 66 69
74 40 2 3 5 6 8 12 13 15 19 20 21 22 23 24 25 26 27 28 29 32 36 39 40 43 44 45 46 49 54 56 57 58 59 62 66 67 68 69 70 72
75 44 1 4 5 8 10 13 14 15 18 19 22 25 28 29 33 34 36 37 39 40 41 43 45 46 47 48 49 50 51 52 53 54 56 57 58 61 62 63 64 66 68 69 70 74
76 38 1 3 6 9 10 12 14 18 19 21 24 26 28 30 32 33 34 35 36 39 41 43 44 45 47 50 51 53 58 59 60 65 66 67 70 71 72 74
77 37 4 6 10 11 13 17 19 20 21 23 24 26 27 29 31 33 38 39 40 41 42 43 44 47 49 52 53 57 58 61 63 64 65 66 67 69 73
78 37 1 3 4 6 7 9 11 13 16 18 21 25 28 29 30 31 32 33 34 35 37 40 41 46 47 49 50 51 53 54 55 57 68 69 70 74 76
79 33 1 3 4 5 7 8 19 22 24 27 28 29 38 40 46 47 51 53 54 55 56 58 59 60 61 62 65 67 71 73 74 77 78
80 37 1 3 4 6 7 8 11 12 16 19 20 22 28 30 31 34 36 37 38 40 41 46 53 54 57 58 59 61 62 63 66 68 72 73 74 75 79
81 43 1 3 7 9 10 11 12 13 14 17 18 21 22 23 25 29 33 35 36 39 40 41 43 44 50 52 53 55 58 60 61 64 65 68 69 70 71 72 73 74 75 77 78
82 36 5 6 7 8 13 15 17 18 21 22 25 28 29 30 32 34 36 37 41 43 45 49 52 54 55 60 61 63 64 65 70 71 73 78 79 80
83 46 2 3 5 7 9 10 13 15 21 23 24 27 28 30 31 32 33 35 37 39 40 41 42 43 44 46 48 50 51 53 54 56 57 58 59 60 61 62 63 66 67 70 72 74 75 78
84 39 2 5 6 9 12 14 16 17 19 20 21 22 23 28 32 33 34 35 37 40 46 47 49 50 53 55 57 58 60 63 64 65 66 71 73 74 75 78 80
85 47 1 3 6 8 9 11 14 22 23 24 25 27 29 31 34 35 36 37 40 41 45 47 48 50 51 52 54 55 56 57 58 59 61 64 65 67 68 71 72 73 76 77 78 81 82 83 84
86 39 1 3 4 5 7 8 10 14 16 20 21 22 23 24 29 31 34 35 36 42 44 49 53 57 58 60 61 62 63 64 67 68 71 72 73 74 78 83 85
87 43 2 3 9 15 16 20 21 24 26 28 30 31 32 33 34 37 38 39 40 44 45 47 48 49 50 51 54 57 58 60 61 65 66 74 75 76 78 79 80 81 83 84 85
