94 47
1 8 68 42 53 6 28 91 32 35
2 5 41 49 53 11 54
3 2 16 56
4 2 44 35
5 8 92 91 73 60 19 68 64 33
6 9 62 53 7 24 31 51 41 66 21
7 3 45 40 19
8 8 10 73 22 67 49 81 92 80
9 1 58
10 6 12 64 70 32 79 56
11 5 33 72 36 20 61
12 8 83 55 92 88 33 25 93 48
13 5 19 70 79 36 53
14 8 26 63 44 52 46 76 25 55
15 9 71 56 87 66 63 28 76 93 38
16 9 44 82 89 58 84 51 78 30 79
17 2 54 53
18 4 62 22 81 69
19 5 70 49 62 45 35
20 4 24 90 36 42
21 8 88 56 46 91 48 35 36 28
22 2 90 85
23 9 73 34 52 26 50 90 53 59 41
24 3 80 89 50
25 4 46 74 72 42
26 3 43 54 76
27 7 76 53 56 78 29 93 66
28 7 91 67 45 80 54 94 40
29 5 45 47 91 60 79
30 7 55 60 89 67 51 72 75
31 9 78 87 50 88 76 40 90 75 33
32 8 83 92 43 59 65 35 38 73
33 9 39 85 68 36 45 54 82 55 52
34 3 55 62 86
35 4 72 45 52 74
36 8 81 86 73 56 85 80 43 58
37 8 38 85 80 93 84 90 51 44
38 3 91 85 45
39 2 61 94
40 3 79 89 65
41 2 90 54
42 5 84 67 53 91 88
43 5 83 74 84 52 61
44 3 88 82 90
45 5 58 67 84 63 88
46 1 81
47 5 79 82 88 93 71

54 7
1 6 49 18 11 48 16 14
2 3 15 22 45
3 2 11 14
4 1 8
5 4 14 37 36 38
6 4 50 52 38 8
7 8 46 31 32 43 17 10 51 20

100 97
2 1 1
3 1 2
4 1 3
5 1 4
6 1 5
7 1 6
8 1 7
9 1 8
10 1 9
11 1 10
12 1 11
13 1 12
14 1 13
15 1 14
16 1 15
17 1 16
18 1 17
19 1 18
20 1 19
21 1 20
22 1 21
23 1 22
24 1 23
25 1 24
26 1 25
27 1 26
28 1 27
29 1 28
30 1 29
31 1 30
32 1 31
33 1 32
34 1 33
35 1 34
36 1 35
37 1 36
38 1 37
39 1 38
40 1 39
41 1 40
42 1 41
43 1 42
44 1 43
45 1 44
46 1 45
47 1 46
48 1 47
49 1 48
50 1 49
51 1 50
52 1 51
53 1 52
54 1 53
55 1 54
56 1 55
57 1 56
58 1 57
59 1 58
60 1 59
61 1 60
62 1 61
63 1 62
64 1 63
65 1 64
66 1 65
67 1 66
68 1 67
69 1 68
70 1 69
71 1 70
72 1 71
73 1 72
74 1 73
75 1 74
76 1 75
77 1 76
78 1 77
79 1 78
80 1 79
81 1 80
82 1 81
83 1 82
84 1 83
85 1 84
86 1 85
87 1 86
88 1 87
89 1 88
90 1 89
91 1 90
92 1 91
93 1 92
94 1 93
95 1 94
96 1 95
97 1 96
98 1 97

53 15
2 9 16 7 10 14 12 50 26 18 36
3 4 10 22 51 42
4 1 39
5 6 28 22 29 34 18 52
6 6 39 22 26 53 52 8
7 7 23 50 39 41 36 30 16
8 9 35 33 10 50 31 29 24 37 51
9 4 27 19 29 44
10 6 27 47 25 41 12 36
11 1 19
12 5 29 31 41 53 35
13 5 42 43 40 35 48
14 7 21 46 52 22 42 20 37
15 3 40 45 39
16 7 35 45 28 43 22 25 24

30 1
1 28 2 3 4 5 6 7 8 9 10 11 12 13 14 15 16 17 18 19 20 21 22 23 24 25 26 27 28 29

8 4
3 1 4
2 3 7 8 6
5 1 2
4 1 5

3 2
1 2 2 3
2 1 3

1 0

5 4
3 2 1 5
2 2 5 3
4 1 3
5 1 1

5 4
3 2 1 5
2 2 5 3
4 1 3
5 1 1

5 0

100 49
2 2 3 4
4 2 5 6
6 2 7 8
8 2 9 10
10 2 11 12
12 2 13 14
14 2 15 16
16 2 17 18
18 2 19 20
20 2 21 22
22 2 23 24
24 2 25 26
26 2 27 28
28 2 29 30
30 2 31 32
32 2 33 34
34 2 35 36
36 2 37 38
38 2 39 40
40 2 41 42
42 2 43 44
44 2 45 46
46 2 47 48
48 2 49 50
50 2 51 52
52 2 53 54
54 2 55 56
56 2 57 58
58 2 59 60
60 2 61 62
62 2 63 64
64 2 65 66
66 2 67 68
68 2 69 70
70 2 71 72
72 2 73 74
74 2 75 76
76 2 77 78
78 2 79 80
80 2 81 82
82 2 83 84
84 2 85 86
86 2 87 88
88 2 89 90
90 2 91 92
92 2 93 94
94 2 95 96
96 2 97 98
98 1 99

64 46
47 7 64 48 62 57 55 50 52
46 7 48 49 61 57 52 51 64
45 8 58 57 47 52 59 56 54 53
44 4 47 64 52 45
43 9 56 54 49 50 47 62 45 59 44
42 5 64 57 60 54 52
41 9 63 43 50 42 58 64 47 51 53
40 7 62 44 56 42 48 52 50
39 1 54
38 6 55 44 42 51 52 56
37 3 41 61 45
36 8 44 61 48 45 42 41 52 55
35 2 48 56
34 8 42 44 37 61 51 46 57 58
33 8 64 39 37 59 47 42 45 38
32 4 64 36 48 39
31 4 51 41 62 58
30 4 60 64 32 45
29 8 47 43 54 51 48 63 42 57
28 5 50 62 60 35 34
27 1 50
26 9 64 50 28 49 52 32 53 60 34
25 1 28
24 4 41 48 28 30
23 3 61 36 25
22 4 60 48 45 56
21 4 30 62 59 56
20 2 55 24
19 4 63 59 39 35
18 3 57 25 56
17 3 42 40 33
16 6 21 22 17 62 45 39
15 9 29 62 53 54 20 55 37 52 57
14 5 52 21 55 51 54
13 9 53 63 44 51 47 24 46 14 25
12 5 47 31 36 40 61
11 8 30 29 40 39 43 28 62 41
10 1 61
9 7 62 17 26 56 48 20 52
8 3 48 59 33
7 6 52 13 9 23 35 41
6 1 58
5 2 18 17
4 7 58 36 47 44 63 53 48
3 8 10 62 4 35 39 41 9 64
2 7 18 13 61 42 38 46 55

19 4
5 1 7
4 9 17 7 5 8 13 18 11 6 12
3 7 14 9 16 4 5 7 1
2 2 19 1

82 58
59 6 65 71 61 68 67 70
58 9 73 78 77 59 71 69 82 63 80
57 8 66 62 71 67 70 59 76 77
56 6 80 65 75 67 70 77
55 4 76 72 78 73
54 9 68 57 69 74 59 64 58 72 82
53 9 80 63 76 59 68 77 82 57 74
52 8 63 67 78 62 73 53 54 64
51 4 54 71 52 77
50 6 75 58 80 52 51 81
49 4 76 78 69 67
48 6 50 70 65 51 80 61
47 8 75 82 65 52 66 69 53 48
46 8 79 74 53 77 51 73 67 70
45 4 76 62 55 51
44 6 67 80 76 60 61 73
43 5 76 80 77 75 45
42 1 53
41 9 74 44 68 72 52 47 49 56 51
40 1 49
39 6 64 81 51 44 48 52
38 3 57 78 67
37 1 74
36 4 66 72 74 37
35 2 80 67
34 3 42 73 46
33 7 81 43 56 77 68 73 70
32 1 79
31 7 62 44 68 38 33 54 51
30 9 73 47 60 37 65 50 43 58 78
29 9 66 56 64 32 36 43 59 48 63
28 7 58 47 71 77 32 78 29
27 5 51 46 33 59 37
26 8 51 38 30 76 46 80 28 64
25 9 53 31 79 40 64 71 80 44 49
24 6 59 76 71 72 43 48
23 3 46 65 73
22 7 54 42 60 38 76 27 25
21 5 73 62 66 39 22
20 3 40 74 69
19 8 21 48 66 75 51 78 53 76
18 2 69 39
17 6 66 34 78 65 38 63
16 8 58 80 33 59 35 81 74 42
15 8 55 54 74 49 67 76 32 17
14 8 73 70 39 81 78 48 37 41
13 9 77 59 65 14 46 56 28 37 69
12 5 43 71 25 78 35
11 5 21 43 71 78 61
10 2 19 13
9 3 13 25 14
8 1 39
7 1 58
6 7 13 71 28 17 38 61 11
5 9 67 55 21 60 78 56 62 65 27
4 4 53 64 73 49
3 7 15 45 75 40 44 9 73
2 2 22 55

37 14
15 1 19
14 2 18 36
13 2 29 31
12 3 24 15 25
11 6 21 33 25 35 20 12
10 7 16 32 31 33 23 34 36
9 4 15 30 26 31
8 3 35 23 11
7 3 24 17 10
6 9 17 34 29 22 18 21 35 16 15
5 6 36 20 6 16 13 12
4 6 13 7 32 26 35 8
3 2 25 13
2 2 20 10

96 61
62 8 76 71 73 89 65 95 84 70
61 9 80 63 93 88 64 95 76 86 70
60 7 74 64 63 95 82 70 80
59 8 95 83 76 78 79 94 74 90
58 7 71 92 69 75 84 87 66
57 9 82 95 66 72 77 85 76 75 62
56 5 81 95 83 85 77
55 6 70 86 94 95 68 60
54 9 57 72 87 80 90 79 71 78 65
53 7 61 71 58 73 91 55 77
52 8 80 68 74 60 67 56 82 71
51 8 93 74 58 80 78 73 64 53
50 2 57 60
49 5 58 96 50 51 83
48 8 85 74 94 78 63 86 87 62
47 2 94 52
46 2 82 92
45 5 83 49 61 85 69
44 6 70 74 87 56 75 57
43 3 87 63 51
42 5 63 75 44 83 59
41 2 88 86
40 4 54 89 86 79
39 4 73 43 45 66
38 3 60 44 92
37 8 71 61 53 38 51 88 64 84
36 7 45 44 94 87 74 51 78
35 3 92 73 58
34 6 92 43 76 72 65 96
33 1 86
32 4 73 79 45 46
31 3 65 45 32
30 4 32 70 96 92
29 5 80 64 58 72 56
28 3 50 47 67
27 8 48 40 70 62 93 37 66 50
26 2 37 59
25 4 26 75 52 83
24 7 91 59 84 90 56 27 92
23 5 24 34 40 93 81
22 5 42 57 52 83 34
21 9 72 60 84 31 77 86 64 76 56
20 2 76 37
19 3 28 40 86
18 7 39 28 37 34 86 53 21
17 2 64 31
16 7 35 80 79 23 92 25 43
15 5 96 75 54 27 68
14 3 93 31 46
13 6 44 19 86 31 73 32
12 2 78 92
11 5 15 21 32 18 25
10 1 56
9 1 32
8 4 75 54 22 86
7 6 68 58 30 40 55 94
6 8 54 88 63 76 45 13 78 70
5 4 15 66 37 42
4 8 8 41 29 76 17 11 46 55
3 9 45 21 19 56 68 67 91 30 66
2 2 45 57

25 13
14 8 22 24 25 16 19 21 20 18
13 4 15 24 19 18
12 4 13 25 17 22
11 4 12 21 25 15
10 5 24 25 20 21 12
9 5 12 22 25 10 17
8 1 11
7 3 25 14 23
6 8 16 22 8 18 12 11 7 23
5 9 18 7 11 15 10 23 6 21 14
4 2 25 8
3 5 9 13 5 22 11
2 5 22 7 10 6 25

41 20
21 2 31 25
20 2 34 26
19 9 36 34 26 38 24 40 33 29 39
18 6 34 28 35 39 21 33
17 4 26 29 37 20
16 9 27 33 21 23 20 25 29 30 40
15 9 37 26 20 31 16 21 27 36 18
14 2 34 20
13 2 39 18
12 7 14 28 21 39 17 31 40
11 7 25 21 33 26 38 13 19
10 7 14 33 21 26 34 40 17
9 8 11 17 13 23 16 36 19 25
8 8 35 39 10 13 21 24 30 36
7 6 39 35 27 29 15 14
6 2 19 14
5 3 9 23 22
4 5 35 38 11 21 41
3 1 20
2 3 40 37 6

18 5
6 2 10 14
5 1 6
4 4 6 9 15 13
3 4 10 13 4 5
2 8 18 7 10 16 12 15 6 4

77 62
63 9 66 77 73 69 72 64 74 70 65
62 7 63 69 73 75 70 68 65
61 2 74 75
60 2 65 67
59 6 60 72 75 76 66 68
58 5 69 74 70 63 67
57 3 67 65 77
56 2 58 71
55 8 56 71 75 58 70 68 63 64
54 9 62 72 59 75 56 64 70 57 69
53 9 66 73 77 71 76 64 65 69 59
52 4 64 67 63 73
51 1 75
50 4 62 68 73 57
49 2 51 55
48 2 64 58
47 1 53
46 6 70 50 51 68 57 58
45 1 50
44 7 69 74 62 46 59 64 47
43 6 64 50 45 62 76 47
42 4 43 50 49 58
41 1 67
40 5 59 72 62 73 52
39 3 71 70 58
38 4 43 73 53 44
37 9 55 52 72 40 39 76 73 66 42
36 2 61 41
35 8 36 70 37 49 50 77 68 67
34 6 38 50 53 76 35 37
33 1 58
32 6 66 60 75 53 41 56
31 2 33 35
30 2 42 76
29 3 52 31 32
28 5 67 40 43 66 70
27 9 66 55 62 68 58 49 51 74 33
26 2 28 64
25 8 51 63 71 47 27 68 74 56
24 4 64 76 28 74
23 3 64 65 49
22 4 47 60 44 23
21 6 64 35 40 54 58 53
20 9 75 31 25 34 55 41 45 77 32
19 8 40 45 47 25 51 77 37 33
18 3 61 49 64
17 9 56 20 69 30 66 38 63 36 72
16 3 27 70 60
15 2 49 34
14 4 25 27 75 41
13 7 59 61 17 30 66 74 53
12 1 50
11 9 72 54 53 36 47 12 71 73 52
10 5 54 20 53 48 13
9 2 18 63
8 3 48 34 51
7 4 53 56 73 13
6 6 22 38 28 47 11 31
5 8 9 15 30 60 38 61 45 56
4 3 37 65 56
3 7 42 32 12 48 24 68 31
2 9 5 21 31 69 57 61 58 77 60

74 41
42 6 72 55 43 67 63 58
41 7 49 60 44 55 69 47 66
40 6 49 42 60 64 44 74
39 3 70 53 72
38 6 65 67 58 52 39 64
37 9 51 65 47 60 59 45 44 69 43
36 9 68 62 66 44 43 46 42 52 74
35 2 52 71
34 5 69 73 61 72 39
33 5 52 38 66 68 62
32 6 38 65 43 68 60 37
31 7 60 49 48 68 47 66 72
30 1 46
29 7 44 36 38 39 40 71 53
28 7 62 31 46 42 43 66 67
27 9 69 59 43 65 67 48 74 29 28
26 4 46 67 34 52
25 1 48
24 2 34 73
23 6 72 47 54 31 63 55
22 9 57 32 72 43 73 49 46 68 29
21 5 54 38 59 26 25
20 5 36 60 72 46 58
19 8 59 38 69 46 74 28 57 68
18 3 31 69 35
17 6 22 72 74 68 35 23
16 1 63
15 4 35 71 47 33
14 2 17 26
13 9 65 26 73 41 23 35 50 67 44
12 5 19 35 72 50 31
11 3 70 64 29
10 5 19 22 40 38 32
9 6 40 44 65 19 70 61
8 8 21 33 44 13 43 24 30 60
7 5 49 58 15 73 21
6 1 16
5 2 56 30
4 3 21 49 36
3 8 13 71 7 67 31 40 23 73
2 7 42 50 57 9 41 3 44

19 9
10 9 18 11 19 13 14 15 12 17 16
9 5 14 18 17 11 15
8 5 17 14 10 19 12
7 6 17 18 12 10 16 13
6 6 17 7 8 13 15 14
5 5 14 16 9 11 8
4 4 18 14 12 6
3 8 18 8 6 10 9 17 7 19
2 4 16 14 7 5

77 62
1 5 51 14 46 64 4
2 6 25 75 5 71 50 40
3 2 25 26
4 1 38
5 5 43 68 50 49 21
6 8 45 21 71 60 35 52 42 31
7 9 64 15 16 10 75 46 37 42 41
8 8 72 71 77 63 67 70 32 24
9 2 54 63
10 8 72 69 71 77 46 74 55 35
11 6 14 38 76 18 45 59
12 7 39 38 71 57 63 17 59
13 5 51 75 31 66 28
14 4 42 49 58 73
15 9 61 48 68 62 33 37 42 40 38
16 8 28 76 69 29 26 49 48 19
17 8 23 36 40 35 53 25 52 68
18 1 70
19 4 25 37 71 69
20 2 22 62
21 8 76 27 36 58 44 39 63 41
22 7 47 28 60 68 23 35 67
23 7 57 59 69 42 45 74 40
24 9 57 33 49 45 61 68 59 25 67
25 7 77 29 67 71 38 48 31
26 2 45 36
27 3 58 51 32
28 1 35
29 7 68 30 46 62 47 52 71
30 4 39 48 60 57
31 4 64 37 65 62
32 1 49
33 2 40 41
34 6 72 62 35 59 40 73
35 1 42
36 3 75 56 71
37 6 62 73 43 56 61 76
38 1 64
39 7 61 62 54 59 45 46 66
40 7 62 49 77 74 54 73 44
41 8 65 52 59 69 70 72 45 74
42 3 48 63 67
43 6 66 46 64 69 55 67
44 5 64 74 51 75 58
45 6 73 48 71 60 55 64
46 1 54
47 9 62 54 76 51 55 58 60 50 61
48 4 69 76 74 75
49 3 65 71 72
50 1 67
51 7 64 66 62 65 70 63 74
52 8 64 69 76 71 63 54 59 66
53 9 75 73 55 62 65 63 57 56 72
54 8 70 69 63 65 67 66 74 77
55 2 60 64
56 9 75 67 64 77 65 62 70 58 60
57 1 70
58 1 67
59 3 76 72 69
60 1 67
61 2 65 67
62 3 71 72 64

65 40
1 3 4 60 12
2 2 8 54
3 1 42
4 2 32 39
5 8 43 65 57 26 55 59 62 9
6 8 24 35 11 46 14 64 61 28
7 2 59 27
8 7 61 40 62 17 32 22 26
9 3 53 38 45
10 6 51 20 45 55 12 36
11 1 15
12 7 59 31 50 27 43 64 44
13 3 16 33 65
14 2 61 57
15 4 59 43 57 55
16 1 22
17 1 53
18 8 31 58 37 52 41 25 65 49
19 2 47 54
20 1 33
21 7 40 37 25 50 57 34 51
22 5 56 50 57 43 38
23 4 34 52 41 48
24 3 64 28 54
25 9 40 42 60 39 59 36 63 33 53
26 2 45 47
27 2 39 33
28 8 63 30 41 52 42 51 55 37
29 3 42 35 37
30 3 60 42 48
31 9 49 45 47 40 60 54 58 57 63
32 8 63 48 37 41 38 42 46 34
33 8 53 56 55 63 41 35 37 38
34 8 44 47 64 52 39 41 51 54
35 1 44
36 7 41 42 64 51 53 39 58
37 7 51 52 40 46 41 65 43
38 2 47 65
39 8 63 43 50 58 60 46 57 47
40 2 54 51

21 3
1 1 4
2 4 20 18 21 11
3 1 11

67 28
1 7 24 4 9 22 28 15 53
2 9 43 57 35 26 22 11 49 23 4
3 3 19 56 66
4 7 17 45 28 53 57 62 44
5 4 61 30 26 52
6 3 11 49 18
7 9 30 22 53 19 32 10 56 17 54
8 6 20 61 13 60 29 18
9 3 10 23 43
10 5 21 65 17 45 40
11 7 26 52 40 29 62 49 12
12 3 45 32 20
13 3 23 33 66
14 8 19 38 42 60 26 48 54 33
15 5 25 46 26 29 21
16 1 60
17 9 35 60 36 23 63 41 20 34 49
18 2 24 49
19 9 63 22 52 26 44 61 40 50 48
20 6 34 41 36 48 35 64
21 3 33 63 22
22 7 61 59 64 55 66 60 29
23 2 58 52
24 3 63 41 64
25 9 57 43 42 50 32 34 63 48 51
26 8 52 54 42 37 59 27 45 58
27 2 56 32
28 7 67 62 40 53 60 35 39

80 68
1 9 58 78 77 17 70 25 21 48 72
2 8 9 54 13 10 15 16 59 74
3 2 29 71
4 3 33 53 40
5 6 40 72 55 77 29 53
6 7 74 76 27 8 32 14 46
7 8 22 48 56 50 71 37 43 53
8 4 19 35 24 34
9 8 32 51 58 76 67 22 37 17
10 1 30
11 8 19 14 43 68 56 74 26 45
12 6 21 39 32 74 79 44
13 1 22
14 5 18 38 28 48 33
15 3 44 59 37
16 4 32 50 66 71
17 7 27 33 30 56 75 70 26
18 1 50
19 1 52
20 1 76
21 5 39 68 43 28 71
22 5 27 31 67 35 65
23 1 75
24 8 60 38 65 57 68 51 64 30
25 1 70
26 6 80 41 51 58 65 40
27 5 75 64 47 68 41
28 1 34
29 6 45 40 71 46 78 80
30 6 46 74 77 40 38 47
31 7 80 65 53 45 51 72 68
32 3 50 51 80
33 2 67 62
34 2 38 68
35 7 55 71 43 45 67 78 59
36 9 74 38 62 56 51 53 77 70 78
37 9 75 41 78 44 42 77 58 74 54
38 8 69 73 57 74 55 50 59 80
39 9 58 76 47 59 56 77 80 53 62
40 4 42 54 57 63
41 1 75
42 2 60 44
43 1 57
44 5 66 59 61 70 77
45 8 49 61 72 50 63 76 68 53
46 9 55 57 48 68 67 53 70 78 72
47 8 77 65 48 74 64 78 61 63
48 9 70 62 49 77 76 78 63 59 72
49 3 76 72 59
50 5 56 59 75 66 78
51 7 75 60 67 80 74 52 70
52 7 75 54 65 58 59 57 66
53 2 59 80
54 3 64 74 60
55 3 71 64 70
56 5 78 60 75 62 70
57 2 74 76
58 8 68 59 80 67 66 75 61 62
59 5 80 71 65 66 61
60 2 74 75
61 7 79 63 74 73 77 64 72
62 1 74
63 8 76 79 73 72 64 68 80 66
64 1 77
65 8 68 79 70 78 75 73 69 77
66 5 79 71 67 70 72
67 7 76 79 80 70 75 71 68
68 6 74 79 72 76 73 80

85 33
5 3 75 16 13
6 9 45 37 79 12 68 66 38 24 43
7 2 10 14
8 3 56 65 36
9 9 21 47 67 63 49 56 80 65 28
10 6 37 70 73 27 68 65
11 5 20 66 50 39 28
12 7 83 26 50 17 71 56 49
13 3 36 20 54
14 3 18 16 28
15 5 43 19 31 18 30
16 7 19 39 38 22 78 41 80
17 2 33 66
18 7 35 75 21 48 62 31 30
19 9 70 21 33 81 64 74 44 65 62
20 9 46 55 28 40 38 36 71 35 79
21 7 81 35 52 23 74 71 39
22 3 43 39 45
23 1 49
24 4 67 64 61 28
25 5 33 51 46 28 37
26 6 35 52 36 34 73 84
27 9 81 71 68 66 31 45 50 47 55
28 8 78 49 75 66 81 71 77 37
29 3 60 47 65
30 6 37 84 43 73 39 70
31 1 41
32 9 49 33 42 56 80 53 47 44 43
33 6 85 54 59 72 34 62
34 5 63 65 85 53 39
35 7 78 85 73 74 70 80 39
36 1 47
37 7 80 42 54 46 56 82 51

47 19
2 2 5 17
3 5 28 44 25 33 12
4 7 18 6 41 40 15 5 9
5 2 41 24
6 2 15 47
7 3 31 30 21
8 3 30 41 16
9 9 14 39 22 18 46 28 43 19 36
10 4 20 32 24 28
11 9 36 18 39 34 22 38 14 27 37
12 4 13 40 31 18
13 7 14 34 43 44 26 33 47
14 4 36 39 20 37
15 3 39 21 20
16 8 42 36 32 33 21 45 41 35
17 6 23 27 35 37 29 34
18 2 31 37
19 7 27 47 42 45 23 24 35
20 7 35 30 46 45 25 41 29

55 33
2 3 21 5 13
3 5 22 5 34 25 18
4 9 8 35 11 28 34 48 52 54 43
5 8 28 29 32 12 34 40 24 35
6 2 20 38
7 9 15 42 53 12 36 29 24 20 37
8 9 21 40 14 38 28 39 32 25 35
9 5 32 27 30 39 36
10 2 38 43
11 7 51 18 42 45 15 14 38
12 3 20 31 45
13 3 42 18 45
14 8 54 25 28 32 15 41 34 27
15 5 54 52 34 55 16
16 9 43 55 34 53 26 17 20 33 28
17 1 30
18 6 51 46 44 53 47 49
19 6 34 31 50 47 35 39
20 2 41 33
21 7 35 24 37 51 46 54 29
22 8 52 28 51 30 27 29 54 36
23 4 44 39 47 42
24 1 30
25 8 48 26 46 31 49 27 42 44
26 2 29 32
27 4 47 42 54 48
28 9 38 35 52 48 37 53 34 47 54
29 7 42 41 35 40 36 55 51
30 2 47 53
31 9 48 45 41 39 32 51 34 52 42
32 2 35 47
33 8 41 46 39 43 55 40 38 52
34 3 47 50 43

59 35
2 7 15 35 4 44 56 26 58
3 4 57 35 30 49
4 2 54 41
5 1 19
6 9 18 25 45 23 22 37 36 10 38
7 9 55 51 14 27 45 30 35 32 8
8 8 51 36 21 18 20 59 56 27
9 6 33 27 24 12 34 48
10 1 33
11 6 22 39 50 42 54 46
12 5 29 55 17 27 53
13 5 51 30 44 52 45
14 6 28 36 32 29 51 54
15 7 48 32 25 22 53 46 55
16 6 28 20 26 42 36 31
17 9 35 26 57 24 53 42 50 52 28
18 9 45 39 29 44 31 27 54 41 19
19 5 50 46 41 57 33
20 1 40
21 2 49 55
22 6 23 50 29 37 33 52
23 6 32 49 48 54 57 41
24 2 55 50
25 5 38 47 39 34 54
26 1 41
27 1 55
28 8 51 58 57 37 36 56 33 39
29 1 35
30 6 58 42 52 57 35 50
31 7 56 55 44 47 59 52 38
32 1 58
33 5 51 49 59 42 46
34 1 47
35 1 44
36 6 56 54 44 37 41 50

45 33
2 9 41 21 32 38 18 44 36 24 20
3 7 24 32 34 35 9 13 10
4 9 11 17 45 30 10 36 16 42 25
5 2 15 33
6 9 11 31 44 10 9 7 37 40 12
7 5 12 43 45 29 41
8 8 42 38 22 33 21 16 11 41
9 3 44 19 43
10 9 40 44 25 27 19 41 36 13 20
11 2 27 37
12 2 32 29
13 8 45 38 29 17 16 41 40 31
14 7 38 35 41 20 44 39 23
15 5 26 34 20 35 39
16 6 39 17 44 35 20 31
17 5 26 19 34 38 28
18 8 19 21 25 29 40 35 28 42
19 6 34 25 40 26 23 33
20 5 27 42 35 38 30
21 1 27
22 5 25 24 41 30 26
23 2 41 39
24 2 34 25
25 7 31 34 37 29 35 32 33
26 2 38 29
27 6 29 36 28 30 42 31
28 7 41 30 32 35 43 37 29
29 8 35 34 39 44 41 37 38 33
30 1 44
31 1 37
32 4 38 34 43 33
33 2 34 37
34 4 35 40 42 43

87 21
2 9 86 66 41 83 10 63 56 34 18
3 8 28 87 32 24 54 77 82 51
4 7 11 31 12 72 6 14 81
5 2 18 66
6 1 14
7 2 42 63
8 6 22 56 36 68 25 60
9 3 78 45 16
10 9 59 30 60 15 70 50 42 29 66
11 9 57 25 58 23 47 86 79 55 43
12 8 70 27 46 49 20 71 19 63
13 3 52 16 60
14 8 35 41 82 84 71 32 80 49
15 3 57 38 37
16 6 18 67 30 38 79 48
17 1 71
18 3 65 87 41
19 6 49 38 37 45 56 57
20 9 84 65 30 80 72 71 29 23 34
21 5 86 84 22 27 63
22 7 50 31 79 44 73 71 48

92 9
2 2 64 45
3 6 24 12 70 9 64 57
4 9 22 81 89 51 66 88 12 35 54
5 3 70 14 69
6 5 52 58 14 18 92
7 2 26 61
8 8 56 13 43 21 62 45 37 64
9 3 35 57 20
10 3 43 71 51

51 11
2 7 7 45 18 50 27 25 30
3 4 38 9 50 25
4 2 45 27
5 5 41 37 16 50 18
6 2 24 51
7 6 29 18 51 26 8 40
8 1 17
9 1 43
10 2 39 29
11 9 46 42 34 20 27 16 26 31 33
12 4 23 40 38 19