5 4
3 2 1 5
2 2 5 3
4 1 3
5 1 1

60 50
57 1 59 
18 2 27 3 
7 1 33 
31 2 8 17 
52 1 55 
22 4 45 39 30 13
50 1 43 
11 3 16 27 18
20 2 14 26
49 3 8 39 1 
16 2 51 29
8 2 39 60
43 4 14 56 4 47 
29 2 37 10
5 1 14 
28 2 39 53
37 2 55 2 
45 4 23 47 9 44 
12 2 1 48 
55 2 10 59
56 1 15 
42 3 23 58 41
10 2 9 59 
24 2 6 19 
46 1 30 
41 1 54 
39 3 1 34 54
21 2 38 40
6 3 18 2 1
14 2 17 48
23 2 18 47
38 3 54 26 33
30 1 1
1 3 17 11 59
17 4 9 38 37 32
25 2 53 4 
54 3 36 13 44
53 2 37 11
48 3 4 32 15
47 1 60 
34 3 40 41 10
36 2 51 7 
58 2 29 60
19 1 41 
32 4 51 41 10 55
2 3 51 7 3
4 3 3 15 54
35 3 36 54 26
60 3 10 38 20
40 2 18 33

85 33
5 3 75 16 13
6 9 45 37 79 12 68 66 38 24 43
7 2 10 14
8 3 56 65 36
9 9 21 47 67 63 49 56 80 65 28
10 6 37 70 73 27 68 65
11 5 20 66 50 39 28
12 7 83 26 50 17 71 56 49
13 3 36 20 54
14 3 18 16 28
15 5 43 19 31 18 30
16 7 19 39 38 22 78 41 80
17 2 33 66
18 7 35 75 21 48 62 31 30
19 9 70 21 33 81 64 74 44 65 62
20 9 46 55 28 40 38 36 71 35 79
21 7 81 35 52 23 74 71 39
22 3 43 39 45
23 1 49
24 4 67 64 61 28
25 5 33 51 46 28 37
26 6 35 52 36 34 73 84
27 9 81 71 68 66 31 45 50 47 55
28 8 78 49 75 66 81 71 77 37
29 3 60 47 65
30 6 37 84 43 73 39 70
31 1 41
32 9 49 33 42 56 80 53 47 44 43
33 6 85 54 59 72 34 62
34 5 63 65 85 53 39
35 7 78 85 73 74 70 80 39
36 1 47
37 7 80 42 54 46 56 82 51

88 60
1 1 14
3 1 39
5 1 52
6 1 18
7 1 57
8 1 46
9 1 38
11 1 5
14 1 5
15 1 18
16 1 87
17 1 18
18 1 44
19 1 66
22 1 52
23 1 53
25 1 11
26 1 9
27 1 79
29 1 69
32 1 85
34 1 22
36 1 61
37 1 5
38 1 34
39 1 17
42 1 15
43 1 37
45 1 23
46 1 34
47 1 23
48 1 63
50 1 70
52 1 53
54 1 23
55 1 39
57 1 52
59 1 53
60 1 15
61 1 42
63 1 18
65 1 44
66 1 52
68 1 55
69 1 89
70 1 65
71 1 81
72 1 71
74 1 6
76 1 5
77 1 89
78 1 4
79 1 85
81 1 87
82 1 81
83 1 54
84 1 7
85 1 87
87 1 52
89 1 53

60 47
1 1 58
2 1 33
3 1 9
4 1 39
7 1 53
8 1 21
9 1 52
10 1 32
11 1 10
12 1 13
14 1 27
15 1 32
16 1 52
17 1 29
20 1 39
21 1 31
22 1 41
23 1 13
24 1 59
25 1 39
26 1 20
27 1 59
28 1 9
29 1 59
31 1 47
32 1 52
33 1 13
35 1 21
36 1 12
37 1 52
39 1 9
41 1 13
42 1 27
43 1 47
45 1 32
46 1 25
48 1 41
49 1 52
50 1 25
53 1 31
54 1 43
55 1 33
57 1 23
58 1 13
59 1 58
60 1 47
61 1 37

85 84
1 28 28 55 40 15 81 27 6 3 48 67 76 21 69 53 82 65 63 19 2 17 36 22 45 49 35 51 11 38
2 25 28 55 39 40 79 15 81 52 27 72 6 85 25 48 8 76 21 69 53 16 42 82 65 24 71
3 7 28 39 40 79 81 72 6
4 12 28 55 79 81 52 27 72 6 85 25 34 8
5 29 28 40 79 15 81 52 27 72 3 34 67 8 76 21 69 53 23 16 42 65 71 63 2 17 36 78 22 45 26
6 8 28 40 79 15 81 52 27 72
7 19 55 75 39 40 79 15 81 72 6 3 85 25 48 67 8 21 69 43 53
8 9 28 40 15 81 52 27 72 3 67
9 41 40 15 81 52 6 85 25 34 8 21 69 53 23 16 82 65 24 63 14 19 2 36 22 45 49 35 51 29 11 84 1 46 83 33 44 30 47 50 56 20 68
10 40 28 55 39 40 15 81 27 72 6 85 25 48 67 76 21 53 23 42 65 24 63 19 2 17 36 22 45 49 35 51 11 38 84 58 46 73 60 18 30 47
11 27 39 40 15 81 27 72 3 85 25 48 67 21 23 7 42 82 65 63 14 19 2 36 78 22 45 35 29
12 35 28 79 15 81 52 72 3 25 67 21 69 53 7 16 42 82 65 14 19 2 17 36 22 45 35 51 11 38 84 46 33 60 18 30 47
13 40 28 40 15 81 52 27 72 6 3 85 25 34 67 8 76 21 69 53 7 42 82 65 63 14 19 2 17 36 22 45 35 61 51 29 11 84 1 58 83 33
14 19 28 40 15 81 52 27 72 57 25 48 67 21 69 53 7 42 82 65 63
15 3 28 55 79
16 18 40 79 15 81 52 27 72 6 25 48 67 8 76 21 69 53 23 7
17 22 28 39 40 79 15 81 52 27 72 6 85 57 25 48 21 53 23 16 82 65 63 19
18 34 28 40 79 81 27 85 25 48 76 21 43 53 23 7 42 65 24 63 14 19 17 36 78 22 45 49 26 54 29 11 84 46 73 60
19 23 28 55 75 39 40 79 15 81 52 6 85 25 48 67 21 69 53 23 16 42 82 65 63
20 39 40 81 72 6 85 25 34 67 8 21 53 23 16 42 82 65 24 71 63 2 17 78 22 45 49 5 35 54 51 11 84 73 83 60 13 30 62 47 56
21 13 28 39 40 79 15 81 27 72 6 85 25 67 8
22 29 28 55 79 15 81 27 72 6 25 67 76 31 21 43 53 23 7 16 42 82 65 24 71 63 14 19 2 17 36
23 18 28 55 40 15 81 27 72 6 3 85 25 34 67 8 76 21 69 53
24 21 28 40 15 81 52 27 72 6 3 85 25 67 8 21 69 53 23 16 42 82 65
25 8 28 40 79 15 81 27 72 85
26 29 39 40 81 52 27 6 3 85 57 25 67 8 76 21 69 53 23 16 42 65 24 63 14 2 17 78 22 45 49
27 6 39 40 79 15 81 52
29 30 28 55 40 79 15 81 52 27 72 6 85 25 67 8 76 21 43 23 65 63 14 19 17 78 22 45 49 5 35 54
30 38 28 40 15 81 27 72 6 3 85 25 34 48 67 8 76 21 69 53 23 42 82 65 71 63 14 19 2 17 36 78 22 45 29 11 84 1 83 44
31 15 28 55 40 15 81 52 27 72 6 85 25 48 67 8 76
32 25 28 74 39 40 79 81 27 72 6 3 85 57 48 67 8 21 69 53 23 42 82 65 63 14 19
33 40 28 39 40 15 81 52 27 72 6 3 85 34 67 8 76 21 53 23 7 16 42 82 65 63 14 19 2 78 22 45 49 5 35 54 11 1 58 46 73 83
34 10 28 55 39 40 79 52 27 6 3 25
35 25 28 55 40 79 81 27 72 3 85 25 48 67 21 53 23 16 82 65 14 2 17 78 22 45 49
36 24 28 55 40 79 81 52 27 72 6 25 67 8 76 21 53 16 42 82 65 63 14 19 2 17
37 49 28 39 40 79 15 81 27 72 6 85 25 34 67 8 76 21 43 53 23 42 82 65 71 63 14 19 17 78 22 45 49 26 5 35 54 59 51 29 11 38 84 46 73 83 33 18 44 30 47
38 33 28 74 55 39 40 79 15 81 27 72 3 85 25 67 8 21 23 7 82 65 63 14 19 36 22 45 49 35 54 61 51 29 11
39 3 28 80 55
40 1 28
41 41 28 55 39 40 79 15 81 52 27 72 6 3 25 67 8 21 53 16 42 82 65 19 2 78 22 45 5 54 51 29 11 46 83 44 30 10 50 56 9 70 64
42 17 28 40 15 52 27 72 6 3 85 25 67 8 76 21 53 23 7
43 16 28 55 40 79 15 81 27 72 6 3 25 34 48 8 76 69
44 38 55 40 79 81 52 27 72 6 85 25 34 67 76 21 69 23 16 42 82 65 24 63 2 32 17 36 78 22 45 35 54 29 11 1 46 73 83 33
45 29 28 39 40 79 15 27 72 85 25 67 8 76 31 21 69 53 23 16 42 65 24 71 63 19 2 17 36 78 22
46 40 28 55 40 79 15 27 72 6 3 25 34 48 67 8 31 21 69 53 23 7 42 65 63 14 19 2 17 36 78 22 45 49 5 54 59 51 29 11 38 1
47 43 28 40 79 15 27 72 6 3 25 34 48 67 8 76 69 53 23 16 42 65 14 19 36 78 22 45 49 26 5 35 51 29 11 84 1 58 73 83 60 18 13 44 30
48 11 28 40 79 15 81 27 72 6 3 25 34
49 28 28 39 40 79 81 27 6 3 85 25 67 8 76 21 69 53 23 7 42 82 65 24 63 14 19 17 78 22
50 45 28 40 79 15 81 27 72 6 3 85 25 34 48 67 21 69 53 23 16 42 82 65 71 14 19 2 17 78 22 45 49 5 54 51 29 11 84 1 73 83 33 60 44 30 47
51 29 28 55 40 79 15 52 72 6 3 25 34 8 76 21 69 53 23 7 16 42 65 14 19 2 32 78 22 45 5
52 7 28 55 39 40 79 15 81
53 16 28 40 79 81 52 27 72 6 3 85 25 34 48 67 8 21
54 26 40 15 81 27 3 57 25 48 67 8 21 43 53 23 16 42 65 71 19 2 17 36 22 45 49 35
55 1 28
56 43 28 40 79 15 81 27 72 85 25 34 67 8 76 21 69 43 53 7 42 82 65 24 63 19 2 17 78 22 45 51 29 11 38 84 1 46 83 33 60 44 62 47 50
57 10 28 40 79 15 81 52 27 72 3 85
58 34 55 39 40 79 81 72 3 85 25 67 8 76 21 69 43 53 23 16 42 82 65 63 2 17 36 78 22 45 49 5 51 11 84 1
59 30 40 79 15 81 52 27 72 3 85 25 48 67 8 4 76 21 69 53 23 7 16 42 82 65 19 17 36 22 45 35
60 39 28 39 40 79 15 81 52 27 72 6 85 57 25 67 8 21 69 53 23 7 16 42 65 24 71 63 19 17 78 22 45 49 5 35 54 11 1 46 73
61 30 28 39 40 79 15 27 72 6 3 85 57 25 48 67 21 69 53 23 16 42 65 24 63 19 32 78 22 45 35 54
62 39 28 79 15 81 27 72 3 85 25 48 67 8 76 21 23 16 42 82 65 24 63 14 19 2 17 78 22 45 49 35 51 29 11 84 1 46 83 44 30
63 21 28 80 55 39 40 81 52 27 72 6 3 25 48 67 8 21 53 16 42 82 65
64 39 28 74 75 40 15 81 27 72 6 85 25 48 67 8 76 21 23 42 19 2 22 45 49 54 11 1 46 73 83 33 60 44 30 62 47 50 56 9 70
65 19 28 40 79 15 81 52 27 72 6 85 48 67 21 69 53 23 16 42 82
66 41 28 40 15 81 27 72 6 85 25 34 21 53 23 16 82 24 63 14 2 17 36 78 22 45 49 54 51 11 84 46 73 83 60 18 44 30 62 10 37 50 9
67 9 28 79 15 81 72 6 3 85 25
68 39 28 40 15 81 52 27 72 6 3 85 57 25 34 8 21 69 53 23 42 82 65 63 14 19 2 78 22 45 5 35 51 11 1 83 44 30 62 47 77
69 15 28 55 40 79 15 81 52 72 6 85 25 34 8 76 21
70 42 28 79 81 27 72 3 85 25 48 67 8 21 69 53 23 7 16 42 82 24 19 2 32 17 36 22 45 49 5 35 29 11 46 73 83 18 30 47 50 56 68 9
71 22 28 40 79 81 27 72 3 85 25 48 67 4 31 43 53 23 7 16 42 82 65 24
72 9 28 80 39 40 79 15 81 52 27
73 39 28 55 39 40 79 15 81 52 27 72 6 3 85 25 34 48 8 76 21 53 23 7 82 65 24 63 14 2 17 36 78 22 45 54 29 11 38 1 46
74 1 28
75 2 28 55
76 12 28 40 79 81 27 72 3 25 34 48 67 8
77 39 28 55 79 15 81 27 72 6 3 25 48 8 21 69 43 53 23 16 42 82 65 24 14 19 36 22 5 35 54 51 11 38 84 46 83 60 44 30 47
78 27 55 40 79 15 81 52 27 72 3 85 25 48 67 8 76 21 53 23 16 65 24 71 63 14 2 17 36
79 3 28 55 40
80 1 28
81 4 74 40 79 15
82 19 28 40 79 15 81 27 72 6 3 85 25 67 76 21 53 23 7 16 42
83 36 28 40 79 15 81 27 6 25 34 67 8 21 69 53 7 16 42 65 24 63 14 19 2 17 36 78 22 45 49 26 59 11 38 84 1 46
84 33 28 55 40 79 15 81 52 27 6 3 85 57 25 48 67 8 53 7 16 42 65 71 63 19 2 17 22 45 49 35 54 11 38
85 9 28 55 40 79 15 81 27 72 3

95 92
1 19 30 2 66 11 67 73 59 39 63 7 5 10 13 64 3 65 83 53 95
3 13 66 11 67 73 59 63 34 7 10 13 77 38 89
4 15 67 73 59 7 79 5 10 6 13 64 15 51 89 3 65
5 9 2 66 67 44 73 59 63 7 79
6 7 30 67 73 59 7 86 10
7 5 11 44 73 59 34
8 11 66 11 67 44 73 59 39 34 79 5 10
9 24 67 44 73 59 39 55 5 10 16 13 84 89 83 22 28 95 1 54 32 57 47 94 18 82
10 12 30 66 11 67 44 73 59 39 63 7 86 5
11 1 66
12 37 66 11 67 44 73 59 55 34 10 52 13 64 15 84 38 51 89 83 95 40 1 54 32 41 70 57 24 25 58 94 82 26 93 33 61 88 17
13 6 66 73 59 39 34 10
14 11 66 67 73 59 39 63 7 5 10 16 13
15 12 66 11 73 59 39 7 5 10 8 37 68 13
16 9 66 11 67 44 73 59 39 86 10
17 36 66 67 44 73 59 63 55 7 86 10 8 16 52 13 77 51 83 22 28 95 40 1 54 32 70 76 25 94 75 82 9 27 26 93 33 61
18 22 30 66 67 73 39 7 10 16 68 13 92 89 3 83 95 1 54 69 41 24 94 75
19 36 66 67 44 73 59 39 63 7 5 10 68 13 14 51 92 83 1 54 32 69 70 24 58 50 27 26 93 33 61 88 17 12 90 72 31 60
20 32 66 67 73 59 39 5 10 16 68 13 14 77 38 51 3 65 83 71 1 54 41 76 24 25 43 47 94 75 82 26 93 33
21 39 30 11 44 73 39 55 34 7 79 5 10 6 52 13 64 51 89 3 53 28 95 1 54 32 76 24 25 47 94 75 26 93 33 87 61 12 90 72 31
22 22 67 44 73 59 39 63 55 7 5 10 16 37 52 13 14 77 84 38 89 3 65 4
23 46 2 66 11 67 73 59 39 7 5 10 8 37 68 52 13 14 84 51 89 83 32 69 41 70 76 24 25 94 75 82 9 27 93 33 87 17 12 90 72 31 42 45 60 19 21 56
24 18 30 66 67 59 39 63 34 7 86 10 13 14 64 65 83 95 54 32
25 22 66 67 44 73 59 39 34 10 68 13 51 89 65 4 83 48 28 95 54 69 41 24
26 33 67 44 73 59 39 63 7 5 10 8 16 6 68 13 64 15 92 89 3 65 83 22 1 54 32 41 76 24 43 58 47 9 27
27 33 30 2 67 73 59 39 63 55 7 10 16 74 13 64 15 38 51 85 83 53 22 95 1 54 32 69 41 70 24 25 47 94 75
28 25 30 66 11 67 73 59 39 63 34 7 5 10 6 37 68 13 14 64 15 84 92 89 65 83 22
29 50 2 66 67 44 73 59 39 63 34 5 10 8 52 13 14 64 77 51 83 95 54 32 41 70 76 24 25 58 94 75 49 18 82 27 26 93 33 61 88 17 12 90 72 31 60 91 46 56 35 23
31 37 66 67 59 39 34 7 5 10 6 68 52 13 15 38 51 89 3 4 83 53 71 54 32 69 70 76 24 47 9 27 26 93 61 88 17 12 90
32 19 66 44 73 59 63 7 5 10 8 68 13 15 38 65 4 53 22 40 54
33 36 30 11 67 73 59 39 63 7 5 10 8 6 37 74 13 15 38 51 89 65 83 53 95 71 54 32 41 24 25 58 94 75 18 27 26 93
34 7 66 11 67 44 73 59 63
35 46 30 2 66 67 73 59 39 10 68 13 14 64 89 83 28 95 1 32 41 70 57 24 25 94 75 18 82 9 27 26 93 33 87 61 88 17 78 12 90 72 31 91 19 21 46 56
36 29 66 67 44 73 39 86 8 52 13 64 15 84 89 83 22 54 32 70 76 24 47 94 75 18 82 93 33 61 17
37 10 30 67 44 73 59 39 34 5 10 8
38 14 30 2 67 44 73 59 63 34 79 10 68 13 64 84
39 6 30 2 66 44 73 59
40 19 66 67 73 59 39 55 7 79 5 10 13 64 38 51 65 83 53 22 95
41 22 30 2 67 73 63 7 10 68 52 13 14 64 15 77 51 4 83 48 28 1 54 32
42 44 66 67 73 59 39 63 7 5 10 16 68 13 64 15 51 85 65 4 83 22 28 95 71 54 32 69 41 76 24 43 58 94 82 26 93 33 87 61 88 17 78 12 72 31
43 30 67 73 59 39 63 7 79 5 10 16 6 37 13 14 77 51 92 89 3 65 53 28 71 1 54 32 41 70 24 25
44 2 2 11
45 39 30 2 67 44 73 39 63 55 7 86 5 10 16 6 52 13 64 92 89 95 54 32 69 41 76 24 58 47 94 75 26 93 33 87 61 17 12 90 72
46 42 66 44 59 39 63 7 5 10 68 13 77 84 38 89 3 65 83 53 28 95 71 54 32 41 70 24 94 18 82 9 27 26 93 33 88 17 12 72 60 91 19 21
47 27 30 66 11 67 44 73 59 39 55 7 5 10 8 16 37 13 14 84 83 95 1 54 41 70 76 24 58
48 20 66 44 73 39 7 79 5 10 16 37 68 13 64 77 84 38 51 89 3 65
49 25 66 73 59 39 7 79 5 10 8 16 52 13 84 89 65 4 83 54 70 24 25 43 58 94 75
50 26 66 67 44 73 59 39 63 55 34 7 5 74 13 51 83 22 71 1 54 32 70 76 24 25 94 75
51 13 66 44 73 59 39 63 7 5 10 52 13 14 64
52 9 2 67 44 73 39 55 7 5 10
53 19 66 67 44 73 59 39 34 7 79 5 10 8 16 68 13 51 89 65 83
54 22 30 11 67 44 59 39 7 5 10 16 37 68 13 14 64 84 51 89 65 83 95 1
55 4 67 73 39 63
56 47 66 67 73 59 39 63 55 7 5 10 6 68 13 14 64 38 51 3 65 83 22 95 71 1 54 32 76 24 75 18 82 9 27 26 93 33 87 61 88 17 12 90 72 31 42 60 46
57 26 2 66 11 67 73 59 39 86 5 10 52 74 13 64 15 84 38 92 3 22 28 95 71 54 41 76
58 25 66 44 73 59 39 55 7 10 8 6 13 14 64 84 89 83 22 28 95 54 32 76 24 25 43
59 3 66 44 73
60 36 66 73 59 39 34 5 10 6 52 13 77 84 89 22 28 71 1 54 41 70 24 94 50 82 27 26 93 33 87 61 17 36 90 72 42 45
61 38 66 67 44 73 59 63 55 7 79 5 10 52 13 14 64 15 51 92 89 65 4 83 53 95 54 32 76 57 24 94 18 82 9 27 26 93 33 87
62 40 30 2 66 73 59 39 55 34 7 79 10 16 13 14 15 84 38 51 65 71 1 54 32 41 70 57 24 25 94 75 26 93 33 87 61 88 17 12 72 31
63 7 66 11 67 44 73 59 39
64 14 66 67 73 59 39 34 7 79 5 10 8 6 68 13
65 21 2 67 44 73 59 39 63 55 34 7 5 10 8 37 68 52 13 77 84 92 89
67 4 30 2 66 11
68 12 2 66 44 73 59 39 34 7 86 79 5 10
69 18 67 44 73 59 7 10 16 68 13 14 84 38 89 65 83 22 54 32
70 25 30 2 67 44 73 59 39 63 79 10 68 13 64 15 38 89 65 83 48 53 22 95 1 54 32
71 14 11 73 59 39 7 5 10 52 74 13 51 89 3 95
72 37 2 66 67 73 59 39 7 5 10 8 74 13 84 38 65 4 83 28 95 1 54 32 70 25 94 75 82 9 27 26 93 33 87 61 17 12 90
73 3 66 11 67
74 13 2 11 73 59 39 63 7 5 10 8 16 6 37
75 30 44 73 59 39 34 7 10 8 6 13 64 15 84 38 51 92 89 3 4 83 53 71 1 54 32 41 70 76 24 94
76 17 66 67 44 73 59 39 7 5 10 52 13 64 51 65 95 1 70
77 13 30 2 67 73 59 39 63 7 79 10 68 13 14
78 31 66 11 67 73 59 39 7 5 10 68 52 13 64 65 83 28 1 54 32 76 24 25 47 94 18 27 26 93 33 87 17
79 7 2 66 11 67 73 59 39
80 44 66 11 67 44 73 59 39 63 79 13 64 38 51 92 89 83 95 71 1 54 32 69 70 24 25 58 94 75 82 27 26 93 33 87 61 17 78 12 90 72 60 19 46 56
81 32 30 44 73 39 55 5 10 13 15 51 92 89 3 83 22 28 95 32 76 24 47 94 18 27 26 93 33 87 61 17 12 90
82 25 73 59 39 7 5 10 13 64 89 65 83 22 28 95 1 54 41 70 76 57 24 43 94 50 18
83 16 66 73 59 39 63 55 79 10 6 13 14 64 51 92 89 3
84 10 2 66 67 44 73 59 7 10 13 15
85 16 2 66 11 44 73 59 39 63 7 79 10 8 13 77 84 89
86 7 66 67 44 73 59 39 63
87 33 66 67 73 59 63 7 86 5 10 37 52 64 38 89 85 3 65 83 53 71 1 54 32 41 25 94 75 82 9 27 26 93 33
88 37 66 67 73 59 39 63 34 10 16 37 68 13 84 51 89 65 83 53 28 95 1 54 69 41 70 24 94 18 82 9 27 26 93 33 20 87 61
89 13 66 67 73 59 39 63 7 86 5 10 13 14 92
90 36 30 66 67 44 73 59 39 63 34 5 10 13 84 51 65 83 95 1 54 32 69 41 57 24 25 94 75 18 27 26 93 33 61 88 17 12
91 34 30 67 73 39 34 7 5 10 37 13 14 64 89 65 53 95 71 1 54 32 69 76 24 94 75 18 82 9 26 93 33 12 90 31
92 13 66 11 73 59 39 7 5 10 8 68 13 64 84
93 30 11 44 73 59 39 7 5 10 16 13 84 38 89 83 48 95 71 1 54 32 69 41 70 76 24 58 94 75 9 27
94 32 30 66 11 67 44 73 59 39 63 7 10 16 37 68 52 13 14 64 15 38 85 3 83 53 22 95 54 32 41 70 24 58
95 16 30 2 67 44 73 59 39 7 52 13 64 15 51 92 65 22

73 72
1 4 63 62 23 61
2 5 34 63 62 61 1
3 21 5 62 69 23 61 1 53 50 15 17 46 48 16 25 35 14 42 26 59 73 58
4 31 5 45 23 61 1 50 15 17 46 57 70 68 48 31 16 25 35 14 42 26 73 58 38 49 8 7 55 52 40 21 71
6 37 62 1 53 2 50 64 15 17 46 57 70 48 16 25 35 14 27 26 59 73 58 38 22 66 67 7 55 54 52 40 21 71 47 60 43 72 30
7 24 5 63 62 23 1 2 64 15 17 57 70 25 35 14 42 59 73 58 3 12 41 38 49 66
8 19 5 69 45 2 50 15 17 46 57 70 68 16 25 35 14 27 73 12 38
9 21 5 62 2 50 64 15 17 70 68 48 16 25 35 14 42 26 59 73 3 12 38
10 41 5 62 23 1 2 50 64 17 46 57 70 48 35 19 14 27 42 59 73 58 38 49 66 67 7 55 32 54 52 40 21 71 4 47 60 18 43 33 13 11 72
11 34 5 62 61 1 2 50 15 46 57 68 48 31 16 25 35 19 14 42 26 73 38 22 67 7 55 52 40 21 71 4 47 60 43 29
12 19 5 62 45 61 1 50 17 46 57 70 48 25 35 37 19 14 59 73 58
13 35 5 62 23 1 2 50 64 15 17 46 57 70 48 16 25 35 14 27 42 59 51 38 49 22 8 67 7 55 52 40 21 71 47 60 43
14 12 5 1 50 15 17 46 57 70 48 16 25 35
15 2 1 50
16 12 63 69 1 2 50 15 17 46 57 70 68 48
17 6 63 62 1 2 50 15
18 32 62 45 23 61 1 64 15 46 57 70 48 16 25 35 14 42 26 59 73 38 49 22 8 67 7 54 52 40 71 4 47 60
19 15 5 34 62 45 61 1 2 15 46 57 70 68 16 25 35
20 38 5 62 69 1 50 15 17 57 70 68 48 16 25 35 37 14 42 26 59 73 58 49 8 67 55 32 54 52 40 71 47 60 18 43 33 29 72 6
21 33 5 63 62 61 1 2 50 64 17 46 57 70 68 48 16 25 35 19 14 59 73 58 49 22 8 66 67 7 55 32 54 52 40
22 19 62 1 2 50 15 17 46 57 70 48 16 25 35 14 26 59 58 38 49
23 3 5 62 45
24 36 5 34 45 1 2 50 17 46 57 70 48 31 16 25 35 14 42 26 59 73 58 49 22 8 67 7 55 54 40 71 47 60 43 13 29 11
25 10 62 23 1 2 15 17 57 70 48 16
26 9 5 62 1 2 64 31 25 14 42
27 12 5 1 2 50 15 46 57 68 48 16 25 14
28 24 63 62 45 23 2 50 15 17 46 57 70 68 48 31 16 25 35 14 73 58 38 22 8 66
29 32 62 1 53 50 15 46 57 48 16 25 35 14 27 42 59 73 58 12 38 49 9 8 66 67 55 28 52 40 71 47 60 43
30 28 5 1 2 17 57 70 16 25 35 14 42 73 12 38 49 22 8 67 7 55 52 40 21 71 47 43 29 72
31 10 5 62 45 2 50 64 15 17 46 57
32 28 63 62 23 61 1 50 15 46 57 68 48 16 25 35 14 42 26 59 73 58 12 41 38 49 22 67 7 55
33 33 5 62 45 61 1 2 50 64 15 17 46 57 70 68 16 25 35 19 36 14 42 73 58 38 8 7 55 52 40 71 47 60 43
34 1 5
35 13 34 62 1 2 50 64 15 17 46 57 70 68 25
36 17 5 34 63 62 45 23 61 2 50 15 17 46 57 68 48 16 35
37 15 5 34 62 45 1 50 64 15 17 57 70 68 16 25 35
38 17 5 23 61 1 50 15 17 57 68 48 25 35 36 14 42 73 58
39 37 5 62 23 1 2 50 17 46 57 70 68 48 16 25 35 36 14 42 59 73 58 12 38 49 22 8 66 7 32 54 52 40 47 60 43 72 10
40 28 5 63 62 45 23 61 1 2 50 15 17 57 16 25 36 14 27 12 38 49 22 67 7 55 32 54 28 52
41 15 5 62 23 61 1 64 15 46 57 25 35 14 73 58 12
42 13 5 45 50 15 17 46 57 68 16 25 35 37 14
43 30 5 63 62 61 1 2 50 64 17 57 16 25 35 37 19 14 26 73 58 12 38 49 8 54 52 40 71 47 60 18
44 34 5 63 61 1 2 15 46 70 68 48 16 25 35 37 14 27 73 12 38 49 9 8 7 55 54 40 21 71 47 60 43 29 72 20
45 1 63
46 7 62 45 2 50 64 15 17
47 22 62 50 17 57 68 48 16 25 35 14 42 73 58 38 49 22 7 55 52 40 21 71
48 7 63 62 2 50 15 57 70
49 24 5 23 61 1 2 64 17 46 57 70 68 48 16 25 35 14 26 59 73 58 51 12 41 38
50 7 5 34 23 61 1 53 2
51 17 5 62 23 2 50 17 46 68 48 16 25 35 14 42 59 73 58
52 24 5 62 23 1 2 64 15 46 57 70 68 48 25 35 14 42 73 12 38 49 66 7 55 54
53 5 5 63 62 23 1
54 27 5 34 62 45 1 53 2 50 15 17 57 68 48 16 25 35 37 19 14 42 26 59 12 38 49 67 55
55 29 5 63 62 45 23 61 2 50 17 57 68 48 31 16 25 35 37 36 14 27 42 26 73 58 38 49 8 67 7
56 34 5 62 61 1 50 15 17 57 68 31 16 25 35 19 14 42 59 73 58 51 38 7 55 54 52 40 71 47 60 43 29 6 20 44
57 8 23 61 1 2 50 15 17 46
58 19 62 23 61 1 2 50 15 46 57 70 68 16 25 35 37 14 42 59 73
59 14 5 62 1 15 17 57 68 48 16 25 35 14 27 42
60 31 5 62 45 61 1 50 15 57 70 68 48 31 25 35 14 27 42 26 59 73 58 12 38 7 55 32 54 52 40 71 47
61 3 5 62 23
62 1 5
63 1 5
64 6 5 34 62 69 1 2
65 1 63
66 20 5 45 61 1 2 50 46 57 48 16 25 35 14 42 73 58 51 12 49 8
67 19 5 62 61 53 50 64 15 46 57 70 68 16 35 14 59 58 12 38 8
68 7 62 61 1 2 15 17 57
69 4 5 34 63 62
70 10 63 62 45 23 1 53 2 50 15 17
71 27 62 23 61 1 2 50 15 46 57 70 68 48 16 25 35 37 14 59 73 12 38 49 7 55 54 52 40
72 36 5 34 62 61 1 2 50 15 17 57 70 48 31 16 35 19 14 42 73 12 38 49 8 67 7 55 54 28 52 40 21 71 4 47 60 43
73 19 5 63 62 23 1 2 50 15 57 48 31 16 25 19 14 27 42 26 59

100 76
1 1 2
5 1 34
11 1 1
12 2 2 3
13 2 3 4
14 1 5
16 1 6
17 2 7 8
19 1 9
20 1 10
22 2 12 63
23 1 12
24 1 13
25 1 15
26 1 15
27 1 97
31 1 11
33 1 23
34 1 25
35 1 25
36 1 26
37 1 27
38 1 28
39 1 29
40 1 30
42 1 31
43 1 33
44 1 33
47 1 36
48 1 37
49 1 38
50 2 39 40
51 1 42
52 1 42
53 1 43
54 1 45
55 1 35
56 1 46
58 2 48 49
59 1 49
60 1 49
61 1 51
62 2 51 52
63 1 53
64 1 54
67 1 57
68 1 57
71 1 61
72 1 71
73 1 63
74 1 54
75 1 65
76 1 66
77 1 67
78 1 68
79 1 69
80 1 89
81 1 71
82 1 71
83 1 73
84 1 74
85 1 74
86 1 75
87 1 76
88 1 78
90 1 80
91 2 81 71
92 1 72
93 1 84
94 1 84
95 1 85
96 1 87
97 1 87
98 1 88
99 1 89
100 1 90

56	38	
44	10	50	47	52	51	49	54	46	48	53	45
43	6	47	44	52	55	50	49				
42	1	54									
41	4	56	53	54	51						
40	4	50	56	52	43						
39	4	52	51	50	48						
38	1	51									
37	7	56	43	50	41	51	49	42			
36	2	40	54								
35	10	49	39	46	37	42	50	38	53	36	48
34	9	40	49	43	36	50	37	42	44	45	
33	4	34	36	46	35						
32	6	54	37	40	49	35	41				
31	8	42	55	43	38	33	54	53	52		
30	8	50	55	47	43	49	56	46	48		
29	9	30	34	35	55	52	46	54	32	33	
28	4	51	41	31	40						
27	1	54									
26	6	40	27	34	45	48	33				
25	9	35	49	30	37	33	36	48	46	29	
24	9	32	33	25	29	47	31	41	28	48	
23	1	27									
22	1	34									
21	8	40	38	42	46	47	30	56	22		
20	5	27	53	37	39	24					
19	10	53	25	34	48	33	52	47	49	56	23
18	4	36	45	32	30						
17	4	35	50	34	38						
16	2	29	28								
15	7	43	56	18	22	41	27	40			
14	1	16									
13	5	24	31	55	14	43					
12	6	38	25	35	24	34	48				
11	2	12	37								
10	1	31									
9	1	12									
8	9	40	15	12	17	20	28	22	25	30	
7	5	51	54	53	9	8					

91	48	
62	10	79	69	81	68	73	90	89	64	84	74
61	2	68	66								
60	9	77	76	63	88	83	66	73	89	87	
59	4	75	71	62	78						
58	1	75									
57	8	78	76	87	86	64	69	79	62		
56	5	62	73	67	74	86					
55	1	74									
54	7	74	79	59	58	63	88	70			
53	1	73									
52	9	80	83	79	71	54	89	82	67	85	
51	1	56									
50	8	85	66	63	86	74	54	60	73		
49	5	70	75	65	56	59					
48	5	87	73	81	54	65					
47	8	64	68	87	62	78	81	86	53		
46	1	69									
45	5	90	55	67	78	84					
44	7	49	62	85	77	63	78	61			
43	5	70	48	89	83	53					
42	3	83	91	90							
41	8	80	58	53	51	42	59	66	52		
40	5	72	80	91	62	74					
39	9	56	79	77	55	63	81	65	85	58	
38	4	63	68	49	73						
37	4	74	41	47	45						
36	4	41	73	75	72						
35	1	59									
34	3	77	36	78							
33	3	67	88	62							
32	3	56	63	48							
31	4	58	60	81	51						
30	3	60	62	78							
29	1	60									
28	3	73	31	40							
27	2	54	73								
26	8	29	50	75	52	36	62	49	32		
25	3	32	78	59							
24	5	70	59	66	35	87					
23	2	75	76								
22	5	25	91	68	50	53					
21	10	58	80	42	70	89	81	87	54	48	28
20	2	74	56								
19	2	51	59								
18	5	68	33	21	37	59					
17	10	27	23	91	21	68	33	31	85	49	50
16	7	33	85	76	77	67	56	59			
15	10	21	50	40	74	22	75	85	62	27	36

70	37	
41	7	65	70	63	68	64	62	45			
40	3	65	41	46							
39	5	67	60	45	56	44					
38	10	41	57	66	48	60	40	49	47	50	53
37	1	42									
36	10	61	53	67	52	51	47	41	49	50	60
35	3	42	57	41							
34	8	36	49	51	50	52	63	48	43		
33	3	40	43	37							
32	5	69	66	47	65	45					
31	6	57	34	46	56	50	49				
30	6	63	52	36	44	45	62				
29	2	62	45								
28	10	56	67	46	47	69	66	45	29	38	65
27	4	70	56	29	42						
26	5	36	56	55	45	49					
25	1	30									
24	7	28	51	59	41	31	26	62			
23	5	70	66	54	42	56					
22	1	28									
21	3	30	25	44							
20	3	41	53	29							
19	5	64	70	30	59	28					
18	9	63	55	19	42	33	45	49	65	48	
17	7	49	36	59	62	53	39	38			
16	10	70	44	36	60	54	34	37	40	31	58
15	8	41	28	54	27	22	55	70	26		
14	5	46	53	58	24	48					
13	4	45	64	54	58						
12	7	62	65	69	30	68	28	40			
11	9	45	33	17	31	30	29	34	36	14	
10	10	65	54	19	59	38	61	43	36	58	53
9	10	16	35	27	13	30	34	21	33	20	10
8	6	21	11	47	69	22	70				
7	8	59	9	70	50	20	11	56	37		
6	2	32	7								
5	8	45	49	33	44	57	18	23	53		

94	66	
79	1	85									
78	9	92	86	85	87	88	84	83	81	82	
77	4	88	84	80	89						
76	9	86	92	81	78	87	94	85	93	80	
75	1	83									
74	2	89	90								
73	5	84	82	76	75	83					
72	6	80	76	92	93	84	86				
71	4	77	81	93	76						
70	9	83	82	78	73	79	87	77	72	89	
69	8	70	94	74	90	92	93	76	77		
68	5	92	70	81	72	76					
67	1	89									
66	6	82	72	86	67	93	78				
65	10	74	86	76	69	68	84	83	92	70	67
64	9	90	67	76	82	89	87	81	84	66	
63	4	69	74	75	90						
62	1	91									
61	4	87	94	79	88						
60	10	64	70	67	94	78	63	66	85	76	69
59	3	69	62	70							
58	2	83	93								
57	1	81									
56	6	58	64	70	77	78	73				
55	9	80	64	68	63	87	58	93	67	92	
54	1	81									
53	8	73	58	79	71	57	64	63	56		
52	9	72	86	91	67	81	75	92	66	80	
51	6	69	68	93	52	74	67				
50	5	91	86	76	61	83					
49	9	94	63	93	65	58	52	75	62	74	
48	7	55	60	67	82	51	69	76			
47	4	77	53	86	89						
46	8	64	85	94	55	48	68	90	63		
45	9	51	75	58	57	93	94	71	80	56	
44	7	76	82	60	58	63	73	51			
43	1	73									
42	6	61	57	58	46	45	89				
41	4	68	50	67	74						
40	9	41	66	70	64	69	61	65	52	73	
39	4	81	80	59	70						
38	6	91	66	90	42	40	88				
37	4	86	84	49	57						
36	8	61	58	93	87	80	59	56	60		
35	1	36									
34	2	77	49								
33	6	84	93	83	92	65	87				
32	9	40	55	39	65	36	75	74	71	79	
31	1	34									
30	6	49	38	40	83	87	43				
29	9	70	93	41	68	73	74	61	36	47	
28	9	47	45	56	68	93	75	30	89	46	
27	3	63	35	32							
26	7	29	81	60	83	84	77	67			
25	2	81	62								
24	4	62	39	46	35						
23	2	74	56								
22	10	69	45	78	52	90	64	71	50	57	92
21	8	70	74	28	69	90	38	93	35		
20	5	65	53	40	39	42					
19	2	62	30								
18	2	44	19								
17	7	18	85	59	23	58	44	63			
16	3	29	85	20							
15	7	63	17	24	89	58	33	87			
14	7	67	26	82	81	80	75	86			

94	66	
79	1	85									
78	9	92	86	85	87	88	84	83	81	82	
77	4	88	84	80	89						
76	9	86	92	81	78	87	94	85	93	80	
75	1	83									
74	2	89	90								
73	5	84	82	76	75	83					
72	6	80	76	92	93	84	86				
71	4	77	81	93	76						
70	9	83	82	78	73	79	87	77	72	89	
69	8	70	94	74	90	92	93	76	77		
68	5	92	70	81	72	76					
67	1	89									
66	6	82	72	86	67	93	78				
65	10	74	86	76	69	68	84	83	92	70	67
64	9	90	67	76	82	89	87	81	84	66	
63	4	69	74	75	90						
62	1	91									
61	4	87	94	79	88						
60	10	64	70	67	94	78	63	66	85	76	69
59	3	69	62	70							
58	2	83	93								
57	1	81									
56	6	58	64	70	77	78	73				
55	9	80	64	68	63	87	58	93	67	92	
54	1	81									
53	8	73	58	79	71	57	64	63	56		
52	9	72	86	91	67	81	75	92	66	80	
51	6	69	68	93	52	74	67				
50	5	91	86	76	61	83					
49	9	94	63	93	65	58	52	75	62	74	
48	7	55	60	67	82	51	69	76			
47	4	77	53	86	89						
46	8	64	85	94	55	48	68	90	63		
45	9	51	75	58	57	93	94	71	80	56	
44	7	76	82	60	58	63	73	51			
43	1	73									
42	6	61	57	58	46	45	89				
41	4	68	50	67	74						
40	9	41	66	70	64	69	61	65	52	73	
39	4	81	80	59	70						
38	6	91	66	90	42	40	88				
37	4	86	84	49	57						
36	8	61	58	93	87	80	59	56	60		
35	1	36									
34	2	77	49								
33	6	84	93	83	92	65	87				
32	9	40	55	39	65	36	75	74	71	79	
31	1	34									
30	6	49	38	40	83	87	43				
29	9	70	93	41	68	73	74	61	36	47	
28	9	47	45	56	68	93	75	30	89	46	
27	3	63	35	32							
26	7	29	81	60	83	84	77	67			
25	2	81	62								
24	4	62	39	46	35						
23	2	74	56								
22	10	69	45	78	52	90	64	71	50	57	92
21	8	70	74	28	69	90	38	93	35		
20	5	65	53	40	39	42					
19	2	62	30								
18	2	44	19								
17	7	18	85	59	23	58	44	63			
16	3	29	85	20							
15	7	63	17	24	89	58	33	87			
14	7	67	26	82	81	80	75	86			

73	52	
53	6	69	65	63	57	67	55				
52	5	73	53	71	56	69					
51	4	70	68	56	67						
50	2	55	66								
49	8	72	66	58	59	57	51	60	61		
48	4	70	61	56	63						
47	3	58	65	48							
46	4	65	71	66	55						
45	3	52	65	57							
44	9	54	73	72	56	71	68	47	51	46	
43	7	49	51	55	53	45	56	54			
42	8	66	61	65	67	70	53	64	47		
41	10	67	43	57	59	73	42	60	71	52	50
40	7	63	44	59	58	50	49	54			
39	3	54	62	53							
38	3	73	72	51							
37	6	62	40	53	58	52	63				
36	10	71	61	63	48	68	47	58	45	44	40
35	10	73	51	53	47	68	55	38	54	50	52
34	8	41	61	44	43	64	60	40	72		
33	9	36	52	35	46	56	41	65	59	73	
32	7	71	46	70	38	35	53	34			
31	2	59	70								
30	10	42	34	48	45	37	54	31	73	47	43
29	3	36	72	70							
28	1	32									
27	3	48	46	47							
26	7	38	29	49	73	59	55	54			
25	8	63	43	33	38	53	73	65	61		
24	10	50	30	66	28	41	71	29	52	54	70
23	2	71	51								
22	3	25	62	57							
21	10	30	58	46	32	29	25	57	67	73	56
20	2	51	56								
19	10	71	43	32	37	45	25	57	24	44	68
18	7	45	30	54	39	25	27	20			
17	4	44	26	27	29						
16	3	47	63	44							
15	6	33	50	55	30	24	72				
14	5	55	40	27	34	15					
13	5	27	49	60	46	73					
12	5	33	54	73	40	58					
11	2	18	58								
10	5	19	43	72	25	63					
9	1	24									
8	1	18									
7	10	8	66	39	17	63	37	61	25	10	62
6	4	18	65	56	35						
5	10	7	57	29	36	49	25	8	21	12	55
4	4	21	20	66	69						
3	2	20	40								
2	4	57	31	25	13						

100 97
1 1 2
2 1 3
3 1 4
4 1 5
5 1 6
6 1 7
7 1 8
8 1 9
9 1 10
10 1 11
11 1 12
12 1 13
13 1 14
14 1 15
15 1 16
16 1 17
17 1 18
18 1 19
19 1 20
20 1 21
21 1 22
22 1 23
23 1 24
24 1 25
25 1 26
26 1 27
27 1 28
28 1 29
29 1 30
30 1 31
31 1 32
32 1 33
33 1 34
34 1 35
35 1 36
36 1 37
37 1 38
38 1 39
39 1 40
40 1 41
41 1 42
42 1 43
43 1 44
44 1 45
45 1 46
46 1 47
47 1 48
48 1 49
49 1 50
50 1 51
51 1 52
52 1 53
53 1 54
54 1 55
55 1 56
56 1 57
57 1 58
58 1 59
59 1 60
60 1 61
61 1 62
62 1 63
63 1 64
64 1 65
65 1 66
66 1 67
67 1 68
68 1 69
69 1 70
70 1 71
71 1 72
72 1 73
73 1 74
74 1 75
75 1 76
76 1 77
77 1 78
78 1 79
79 1 80
80 1 81
81 1 82
82 1 83
83 1 84
84 1 85
85 1 86
86 1 87
87 1 88
88 1 89
89 1 90
90 1 91
91 1 92 
92 1 93
93 1 94
94 1 95
96 1 97
97 1 98
98 1 99

58 55
3 1 1 
4 2 1 2 
5 2 1 2 
6 2 2 3 
7 2 2 3 
8 1 4 
9 5 1 2 3 5 6 
10 3 3 7 8 
11 5 1 4 5 6 8 
12 6 4 6 7 8 9 10 
13 4 2 5 6 10 
14 8 1 2 5 6 8 9 11 12 
15 7 4 5 6 7 8 10 12 
16 7 1 3 5 7 8 12 13 
17 7 2 3 5 6 7 9 15 
18 8 2 3 7 8 9 10 12 16 
19 6 1 2 3 10 13 15 
20 11 2 4 5 6 8 9 11 12 13 15 17 
21 7 5 7 8 10 15 16 17 
22 9 1 2 3 6 8 10 14 15 17 
23 13 2 3 5 6 8 9 10 11 13 14 16 17 20 
24 9 1 3 4 6 10 14 16 21 22 
25 13 2 3 9 10 12 13 14 16 17 18 19 21 23 
26 11 1 2 3 9 11 12 13 19 22 23 24 
27 15 4 5 6 7 8 9 11 13 15 17 18 20 22 23 24 
28 10 5 7 8 9 12 16 20 22 24 26 
29 14 3 4 6 8 10 13 15 16 18 20 21 22 25 26 
30 14 1 5 8 9 10 13 16 17 19 20 21 22 23 28 
31 17 3 6 8 9 11 14 15 16 17 18 19 20 21 23 24 25 29 
32 14 3 4 5 9 10 12 13 14 15 20 23 25 26 29 
33 16 3 4 6 7 8 10 11 12 16 18 19 21 22 24 27 30 
34 7 4 10 19 20 22 23 26 
35 15 1 6 9 12 14 16 19 20 22 25 26 28 29 30 32 
36 18 1 2 4 5 6 7 8 9 12 13 14 15 16 20 24 25 30 33 
37 20 2 3 4 5 6 8 10 11 12 13 18 19 21 24 25 27 29 31 32 33 
38 11 1 4 5 10 11 14 15 20 24 27 29 
39 26 1 2 3 4 5 6 8 9 11 12 14 15 17 18 19 20 21 22 23 25 27 28 29 31 32 36 
40 18 7 11 12 14 15 16 18 19 22 23 24 29 30 31 32 35 36 37 
41 17 1 3 11 13 14 15 16 17 18 23 26 27 28 30 32 37 38 
42 17 2 3 4 7 10 12 14 18 19 24 26 28 29 31 32 35 37 
43 27 3 5 6 7 9 11 12 13 17 18 20 21 22 23 24 25 26 28 31 33 34 35 36 37 39 40 41 
44 22 2 3 7 9 11 12 13 14 15 16 19 21 22 24 26 32 33 35 36 37 38 40 
45 21 1 3 7 12 13 14 18 19 20 21 23 24 25 26 27 29 33 35 38 39 42 
46 23 1 3 5 6 13 14 16 18 19 21 24 29 30 32 33 36 37 38 39 40 41 42 43 
47 21 1 2 3 6 7 8 11 18 19 22 23 25 26 27 31 33 34 38 39 43 45 
48 22 1 2 3 4 5 8 9 10 12 14 20 21 22 24 25 30 34 36 37 40 41 45 
49 26 3 4 5 7 8 9 11 12 17 20 22 23 24 25 26 28 31 32 33 35 39 40 42 45 46 47 
50 26 1 3 4 5 7 9 11 14 20 22 23 26 27 29 30 31 32 33 34 37 39 40 41 44 47 48 
51 27 1 3 4 6 7 8 11 13 14 16 17 18 19 22 26 27 29 30 32 35 36 38 39 41 42 45 47 
52 23 1 5 15 17 18 22 25 27 29 30 31 32 35 36 38 41 42 43 44 45 46 48 49 
53 20 9 10 11 12 13 16 19 20 27 28 30 37 40 41 42 43 44 48 50 51 
54 25 2 3 4 5 11 13 14 15 16 17 20 22 23 25 28 31 34 36 37 39 43 45 46 50 51 
55 34 1 2 3 4 6 7 8 10 12 13 16 20 21 22 23 25 26 27 28 30 31 32 33 38 39 40 43 44 45 46 48 50 51 52 
56 23 5 13 15 16 18 22 24 25 27 28 29 30 32 36 37 38 40 41 44 47 48 50 54 
57 25 2 3 8 9 10 13 14 16 20 21 22 25 28 29 31 34 35 36 37 41 45 46 53 54 55 


