5 4
3 2 1 5
2 2 5 3
4 1 3
5 1 1

5 4
3 2 1 5
2 2 5 3
4 1 3
5 1 1

7 3
2 3 1 5 7
4 1 2
5 2 1 6

100 97
1 1 2
2 1 3
3 1 4
4 1 5
5 1 6
6 1 7
7 1 8
8 1 9
9 1 10
10 1 11
11 1 12
12 1 13
13 1 14
14 1 15
15 1 16
16 1 17
17 1 18
18 1 19
19 1 20
20 1 21
21 1 22
22 1 23
23 1 24
24 1 25
25 1 26
26 1 27
27 1 28
28 1 29
29 1 30
30 1 31
31 1 32
32 1 33
33 1 34
34 1 35
35 1 36
36 1 37
37 1 38
38 1 39
39 1 40
40 1 41
41 1 42
42 1 43
43 1 44
44 1 45
45 1 46
46 1 47
47 1 48
48 1 49
49 1 50
50 1 51
51 1 52
52 1 53
53 1 54
54 1 55
55 1 56
56 1 57
57 1 58
58 1 59
59 1 60
60 1 61
61 1 62
62 1 63
63 1 64
64 1 65
65 1 66
66 1 67
67 1 68
68 1 69
69 1 70
70 1 71
71 1 72
72 1 73
73 1 74
74 1 75
75 1 76
76 1 77
77 1 78
78 1 79
79 1 80
80 1 81
81 1 82
82 1 83
83 1 84
84 1 85
85 1 86
86 1 87
87 1 88
88 1 89
89 1 90
90 1 91
91 1 92 
92 1 93
93 1 94
94 1 95
96 1 97
97 1 98
98 1 99

6 3
3 1 5
2 1 1 
1 2 3 4 

11 5
5 1 11
11 3 2 9 10
3 2 10 8
8 1 9
7 2 11 8

8 4
3 1 1 
4 1 2 
5 3 1 2 3 
7 1 4 

13 9
3 1 1 
4 1 1 
5 1 3 
7 4 1 2 3 4 
8 3 2 4 6 
9 3 1 5 7 
10 6 1 2 4 5 6 8 
11 6 2 4 5 6 7 8 
12 7 1 2 3 6 7 9 10 

9 5
4 1 2 
5 2 2 3 
6 1 4 
7 2 1 5 
8 3 2 3 5 

58 55
3 1 1 
4 1 1 
5 1 3 
6 2 2 3 
7 1 2 
8 3 1 4 5 
9 6 1 2 3 4 6 7 
10 2 4 5 
11 6 2 3 4 6 7 8 
12 6 1 2 4 5 7 9 
13 5 4 6 7 8 11 
14 6 2 4 5 6 8 10 
15 6 3 5 10 11 12 13 
16 8 1 3 4 5 8 9 10 13 
17 11 1 3 4 5 6 7 8 9 12 13 15 
18 7 1 3 4 5 8 10 14 
19 5 2 3 6 7 13 
20 7 1 6 7 9 10 13 14 
21 9 2 3 4 5 10 11 14 15 18 
22 8 1 4 8 9 12 13 14 20 
23 4 7 11 20 21 
24 10 9 10 11 13 14 15 16 17 19 22 
25 12 1 4 5 6 8 10 14 15 18 19 21 22 
26 10 2 9 10 12 13 15 16 19 21 24 
27 16 1 2 3 4 5 7 8 9 10 12 15 18 19 20 21 24 
28 12 3 4 7 10 11 13 14 18 19 20 22 24 
29 14 2 3 5 7 8 11 12 14 16 17 20 22 24 27 
30 13 1 2 3 4 5 8 11 14 15 23 24 25 28 
31 16 1 2 3 4 5 9 11 16 17 18 19 20 23 24 25 26 
32 17 1 4 5 7 8 11 12 14 15 16 17 20 24 25 26 27 29 
33 12 4 8 9 10 14 16 19 26 27 29 30 31 
34 19 2 3 4 6 7 10 11 12 13 17 19 20 21 22 23 24 27 30 31 
35 16 4 8 11 12 13 14 16 17 19 20 23 27 28 29 30 33 
36 13 2 5 9 11 12 13 17 21 24 27 29 30 32 
37 13 3 4 6 18 22 25 27 29 30 31 32 33 35 
38 15 3 5 6 10 12 14 15 16 17 21 22 27 30 32 33 
39 21 4 5 6 7 8 9 11 16 18 19 20 21 22 23 24 26 27 30 31 34 35 
40 20 3 6 8 12 14 15 16 18 19 20 23 26 29 31 33 34 35 36 37 38 
41 26 1 2 3 4 5 7 10 11 12 14 15 16 20 23 24 25 26 27 28 30 32 33 34 36 37 39 
42 21 1 3 4 7 8 11 12 13 15 18 23 24 25 26 30 32 33 35 37 38 39 
43 18 5 6 10 12 14 15 19 20 21 26 27 28 32 33 34 38 39 41 
44 18 2 3 10 12 15 17 18 23 24 29 30 31 33 34 37 38 39 42 
45 20 2 6 7 10 11 14 15 17 18 24 27 29 30 31 32 35 36 39 41 43 
46 18 7 8 9 17 18 20 21 23 24 25 29 31 36 38 40 42 43 44 
47 22 1 2 8 9 11 13 22 23 24 25 26 29 30 31 32 34 37 39 41 42 43 45 
48 25 1 2 3 4 5 7 9 13 16 17 20 22 23 28 30 31 35 36 38 39 40 41 42 44 45 
49 25 1 6 7 8 9 10 12 13 14 15 16 18 20 22 23 25 26 29 30 31 32 33 37 41 44 
50 24 2 3 4 5 7 9 10 13 15 16 17 18 29 30 31 32 33 34 39 40 41 42 45 47 
51 32 1 2 3 4 5 6 7 9 11 12 15 16 18 19 22 23 25 26 27 30 32 34 35 36 37 39 41 42 44 47 48 49 
52 29 4 7 8 10 11 12 13 15 16 18 19 21 22 23 25 28 29 30 32 33 34 35 36 40 42 45 46 48 49 
53 26 1 4 7 8 12 13 16 18 23 24 26 30 32 33 35 36 37 38 40 43 45 46 47 49 50 51 
54 23 5 7 8 11 12 15 16 19 20 22 24 25 27 28 33 36 41 42 43 44 47 48 49 
55 24 1 2 4 6 8 9 10 11 15 16 18 19 21 22 23 27 28 33 36 40 45 48 49 50 
56 31 1 2 3 4 5 8 14 15 16 17 18 19 22 23 24 25 27 28 29 30 31 33 37 39 41 42 44 46 47 49 50 
57 30 1 3 4 7 10 11 12 13 16 17 19 21 25 27 29 31 32 35 38 39 40 41 42 43 46 47 48 49 54 55 

69 66
3 1 1 
4 2 1 2 
5 1 2 
6 2 2 4 
7 1 2 
8 3 1 2 3 
9 6 2 3 4 5 6 7 
10 4 4 5 6 7 
11 7 1 2 3 4 5 8 9 
12 6 1 2 5 6 7 10 
13 6 2 5 6 7 10 11 
14 5 4 5 6 7 11 
15 7 2 6 8 9 10 11 13 
16 8 4 5 6 7 8 12 13 14 
17 8 2 3 4 6 8 11 12 14 
18 6 1 2 7 11 13 14 
19 9 2 3 4 5 7 11 13 15 16 
20 11 1 2 3 6 7 8 11 13 15 16 17 
21 7 1 6 7 10 12 15 18 
22 14 1 2 3 4 6 7 8 9 13 14 15 16 19 20 
23 13 2 3 4 5 6 7 8 10 11 12 16 17 18 
24 9 1 3 7 9 11 12 13 20 22 
25 12 5 7 8 9 10 14 16 18 19 20 21 22 
26 10 2 6 8 12 13 15 17 18 23 24 
27 15 2 5 7 8 9 10 11 12 14 15 17 18 20 22 24 
28 9 4 7 8 9 16 17 21 24 26 
29 8 2 5 6 7 8 11 19 23 
30 12 2 3 4 5 10 14 16 17 19 21 23 27 
31 13 1 4 5 10 12 14 15 21 22 24 27 28 29 
32 16 1 3 4 9 11 13 15 16 17 20 22 23 24 25 28 30 
33 13 4 6 10 11 12 13 14 20 24 26 27 29 31 
34 17 4 6 8 10 11 12 13 14 15 19 21 22 24 25 28 29 31 
35 17 1 2 4 9 12 13 14 15 16 17 22 23 27 30 31 32 33 
36 21 1 4 5 6 7 8 11 12 15 16 17 18 19 20 24 25 26 28 29 31 32 
37 19 2 3 4 5 6 7 8 9 10 11 12 13 14 16 21 22 24 27 30 
38 18 1 3 5 9 12 13 15 17 23 27 28 29 31 32 33 34 35 36 
39 12 4 8 12 14 17 21 23 24 26 34 35 37 
40 21 2 4 7 8 10 13 14 15 17 18 19 21 25 27 28 30 31 33 35 37 38 
41 20 2 4 7 8 10 12 14 15 17 19 21 26 28 29 30 32 33 34 38 39 
42 18 1 3 5 6 8 11 13 22 24 25 27 28 30 31 34 38 39 40 
43 16 2 3 8 10 13 17 19 20 26 28 29 31 32 34 39 40 
44 14 1 4 5 10 16 22 24 29 31 32 34 35 39 42 
45 19 2 4 5 7 8 9 11 14 16 22 25 26 28 32 34 38 39 41 42 
46 25 3 6 8 12 14 15 16 18 21 24 25 26 27 28 30 31 34 36 37 38 40 41 42 43 44 
47 24 1 3 4 5 9 11 12 15 16 17 20 21 24 25 26 30 32 34 35 36 39 40 41 44 
48 30 1 2 3 4 5 6 10 14 15 16 17 20 21 23 24 26 27 29 30 31 33 34 35 36 37 39 40 41 42 43 
49 25 1 2 3 4 5 10 11 12 13 14 15 18 20 21 22 23 25 26 30 36 40 41 44 45 46 
50 27 1 3 6 8 10 13 14 15 16 18 21 22 23 26 27 29 35 36 37 38 39 40 41 43 46 47 48 
51 28 2 3 4 7 8 11 14 15 16 20 21 22 23 25 27 28 29 32 33 34 35 36 37 39 40 41 43 47 
52 25 1 6 8 13 14 17 18 20 21 23 25 26 28 29 30 37 38 39 40 41 42 43 44 45 50 
53 24 1 5 9 10 11 17 19 20 23 24 25 27 28 29 31 32 34 37 41 42 45 46 49 50 
54 31 3 5 9 10 12 14 15 17 18 19 20 22 23 24 26 28 33 34 35 36 38 39 40 42 43 44 45 46 48 50 52 
55 29 1 2 3 7 9 13 15 16 17 20 22 24 26 29 30 34 35 36 38 39 40 41 42 44 45 47 50 51 53 
56 22 5 6 7 12 13 20 22 25 26 29 30 32 35 36 38 39 41 44 45 46 47 48 
57 27 1 4 7 8 10 12 16 22 23 25 27 28 29 31 32 33 34 35 38 41 42 43 44 48 52 54 55 
58 29 2 3 5 9 10 13 15 16 17 18 19 21 22 24 27 28 31 33 34 35 36 37 42 44 46 49 50 54 55 
59 26 1 2 3 4 5 7 9 11 12 16 18 20 21 32 33 34 37 38 39 41 43 46 49 50 51 54 
60 33 2 3 5 6 9 11 12 13 14 15 18 19 21 24 27 28 29 31 32 33 34 37 40 42 43 44 45 47 50 51 54 56 58 
61 28 1 3 5 7 8 12 16 19 21 23 26 27 28 30 32 34 35 39 41 43 44 45 50 52 53 56 57 58 
62 29 7 10 11 19 20 21 25 26 27 29 30 31 32 33 34 37 38 40 41 43 44 49 51 52 53 56 57 58 60 
63 33 1 3 5 6 9 10 14 15 16 19 20 21 22 25 26 27 29 30 31 34 37 39 40 43 45 48 49 50 51 54 56 58 60 
64 27 2 4 8 11 12 13 17 20 22 23 27 30 32 37 41 42 43 44 46 47 48 49 55 56 57 58 62 
65 35 1 2 3 5 6 8 9 11 12 13 15 17 18 19 20 21 22 24 27 28 29 31 33 38 39 41 42 43 46 50 52 56 58 59 62 
66 33 1 2 4 5 6 9 15 16 17 19 20 22 24 26 27 30 34 35 37 38 39 40 41 43 44 45 47 49 50 54 56 59 62 
67 31 1 5 6 7 10 15 16 18 19 20 21 22 29 31 34 35 36 38 42 43 45 48 49 50 52 53 56 57 58 59 63 
68 40 2 3 5 7 8 10 14 15 16 17 18 19 22 23 24 26 27 28 29 31 33 35 37 40 44 45 46 47 48 50 52 54 55 57 58 59 60 64 65 66 

58 55
3 1 1 
4 2 1 2 
5 2 1 2 
6 2 2 3 
7 2 2 3 
8 1 4 
9 5 1 2 3 5 6 
10 3 3 7 8 
11 5 1 4 5 6 8 
12 6 4 6 7 8 9 10 
13 4 2 5 6 10 
14 8 1 2 5 6 8 9 11 12 
15 7 4 5 6 7 8 10 12 
16 7 1 3 5 7 8 12 13 
17 7 2 3 5 6 7 9 15 
18 8 2 3 7 8 9 10 12 16 
19 6 1 2 3 10 13 15 
20 11 2 4 5 6 8 9 11 12 13 15 17 
21 7 5 7 8 10 15 16 17 
22 9 1 2 3 6 8 10 14 15 17 
23 13 2 3 5 6 8 9 10 11 13 14 16 17 20 
24 9 1 3 4 6 10 14 16 21 22 
25 13 2 3 9 10 12 13 14 16 17 18 19 21 23 
26 11 1 2 3 9 11 12 13 19 22 23 24 
27 15 4 5 6 7 8 9 11 13 15 17 18 20 22 23 24 
28 10 5 7 8 9 12 16 20 22 24 26 
29 14 3 4 6 8 10 13 15 16 18 20 21 22 25 26 
30 14 1 5 8 9 10 13 16 17 19 20 21 22 23 28 
31 17 3 6 8 9 11 14 15 16 17 18 19 20 21 23 24 25 29 
32 14 3 4 5 9 10 12 13 14 15 20 23 25 26 29 
33 16 3 4 6 7 8 10 11 12 16 18 19 21 22 24 27 30 
34 7 4 10 19 20 22 23 26 
35 15 1 6 9 12 14 16 19 20 22 25 26 28 29 30 32 
36 18 1 2 4 5 6 7 8 9 12 13 14 15 16 20 24 25 30 33 
37 20 2 3 4 5 6 8 10 11 12 13 18 19 21 24 25 27 29 31 32 33 
38 11 1 4 5 10 11 14 15 20 24 27 29 
39 26 1 2 3 4 5 6 8 9 11 12 14 15 17 18 19 20 21 22 23 25 27 28 29 31 32 36 
40 18 7 11 12 14 15 16 18 19 22 23 24 29 30 31 32 35 36 37 
41 17 1 3 11 13 14 15 16 17 18 23 26 27 28 30 32 37 38 
42 17 2 3 4 7 10 12 14 18 19 24 26 28 29 31 32 35 37 
43 27 3 5 6 7 9 11 12 13 17 18 20 21 22 23 24 25 26 28 31 33 34 35 36 37 39 40 41 
44 22 2 3 7 9 11 12 13 14 15 16 19 21 22 24 26 32 33 35 36 37 38 40 
45 21 1 3 7 12 13 14 18 19 20 21 23 24 25 26 27 29 33 35 38 39 42 
46 23 1 3 5 6 13 14 16 18 19 21 24 29 30 32 33 36 37 38 39 40 41 42 43 
47 21 1 2 3 6 7 8 11 18 19 22 23 25 26 27 31 33 34 38 39 43 45 
48 22 1 2 3 4 5 8 9 10 12 14 20 21 22 24 25 30 34 36 37 40 41 45 
49 26 3 4 5 7 8 9 11 12 17 20 22 23 24 25 26 28 31 32 33 35 39 40 42 45 46 47 
50 26 1 3 4 5 7 9 11 14 20 22 23 26 27 29 30 31 32 33 34 37 39 40 41 44 47 48 
51 27 1 3 4 6 7 8 11 13 14 16 17 18 19 22 26 27 29 30 32 35 36 38 39 41 42 45 47 
52 23 1 5 15 17 18 22 25 27 29 30 31 32 35 36 38 41 42 43 44 45 46 48 49 
53 20 9 10 11 12 13 16 19 20 27 28 30 37 40 41 42 43 44 48 50 51 
54 25 2 3 4 5 11 13 14 15 16 17 20 22 23 25 28 31 34 36 37 39 43 45 46 50 51 
55 34 1 2 3 4 6 7 8 10 12 13 16 20 21 22 23 25 26 27 28 30 31 32 33 38 39 40 43 44 45 46 48 50 51 52 
56 23 5 13 15 16 18 22 24 25 27 28 29 30 32 36 37 38 40 41 44 47 48 50 54 
57 25 2 3 8 9 10 13 14 16 20 21 22 25 28 29 31 34 35 36 37 41 45 46 53 54 55 

52 48
4 2 1 2 
5 2 1 3 
6 2 1 4 
7 2 3 4 
8 3 2 3 4 
9 2 1 6 
10 5 1 2 4 5 6 
11 3 1 2 6 
12 2 6 9 
13 3 5 7 11 
14 3 5 8 9 
15 9 1 2 3 4 5 7 8 10 13 
16 7 1 2 3 7 8 11 12 
17 5 2 3 6 7 10 
18 9 1 2 4 8 9 10 11 14 16 
19 12 1 2 3 5 6 7 9 10 12 13 15 17 
20 12 2 3 6 8 9 10 12 14 15 16 17 18 
21 8 3 4 7 15 16 17 18 19 
22 7 2 3 4 8 15 17 18 
23 9 1 6 9 10 11 13 15 18 21 
24 8 2 10 11 12 15 18 19 21 
25 12 2 7 8 10 11 12 13 18 19 20 21 22 
26 11 3 6 8 12 13 15 17 19 20 21 23 
27 10 7 10 11 12 14 15 16 21 24 25 
28 12 1 4 6 8 9 11 12 13 17 19 24 25 
29 10 1 5 11 14 15 17 21 24 25 27 
30 18 1 3 4 5 6 7 8 10 11 12 15 16 17 18 21 26 27 28 
31 17 1 2 3 4 5 7 8 10 11 12 15 16 17 18 20 27 29 
32 18 2 3 4 5 7 9 10 13 15 19 20 22 23 24 27 28 29 30 
33 13 2 3 11 16 17 20 22 24 25 26 29 30 31 
34 13 3 5 7 8 9 10 14 15 17 19 22 25 30 
35 19 1 2 4 7 10 13 15 17 18 19 21 23 24 25 26 27 30 32 33 
36 17 1 6 7 9 11 14 19 20 22 24 25 27 29 30 32 33 34 
37 18 1 3 4 7 11 12 15 17 18 19 21 23 25 28 29 31 33 34 
38 21 1 3 4 5 7 10 11 12 15 16 17 21 22 23 24 27 28 31 32 34 36 
39 17 1 2 3 5 7 11 13 14 15 16 19 21 26 28 30 33 36 
40 14 1 6 12 14 16 17 18 25 27 28 29 31 33 35 
41 18 3 5 8 9 12 14 15 17 21 22 23 25 26 27 29 30 32 35 
42 15 1 3 4 6 10 17 20 23 25 27 28 31 36 37 39 
43 15 4 6 9 12 13 20 23 24 25 29 30 34 37 39 41 
44 19 1 4 5 9 10 11 13 17 18 21 22 27 29 30 32 39 40 41 42 
45 22 4 6 8 10 11 14 16 18 19 22 23 24 25 26 28 32 33 36 37 38 42 43 
46 19 3 5 6 8 9 11 13 15 17 18 20 21 28 33 34 36 37 39 41 
47 29 4 5 6 8 9 11 12 13 14 16 18 19 22 23 24 25 26 27 28 29 30 31 32 33 35 37 38 40 42 
48 26 5 7 8 9 12 14 15 16 17 18 20 21 23 24 25 26 28 29 30 31 34 35 36 39 40 45 
49 18 10 12 13 14 16 23 25 27 33 34 35 37 41 42 44 45 46 47 
50 24 5 6 8 9 10 11 13 16 17 20 21 23 25 28 29 34 35 36 37 39 42 44 45 46 
51 21 1 2 5 9 10 11 12 13 15 17 21 26 27 30 32 35 36 40 43 46 47 

75 72
3 1 1 
4 2 1 2 
5 1 3 
6 2 1 4 
7 3 3 4 5 
8 2 1 2 
9 4 1 4 5 6 
10 5 1 2 3 7 8 
11 5 2 3 4 7 8 
12 3 6 8 9 
13 8 1 3 4 6 7 8 10 11 
14 8 2 4 6 7 8 9 10 12 
15 8 2 3 4 5 7 9 12 13 
16 7 2 4 6 7 10 11 12 
17 9 1 3 6 8 10 11 12 14 15 
18 8 3 4 5 7 8 11 14 16 
19 7 1 2 4 7 9 14 15 
20 7 1 6 7 10 14 16 17 
21 7 3 5 6 8 10 17 18 
22 9 2 3 5 9 13 14 16 17 18 
23 11 2 6 7 8 10 11 12 15 16 17 19 
24 10 1 2 6 7 9 14 16 17 18 22 
25 10 3 5 6 8 9 10 12 16 21 22 
26 13 1 3 4 6 7 8 15 16 17 18 20 22 24 
27 13 1 2 5 10 12 13 15 17 19 21 23 24 25 
28 12 2 4 5 8 9 10 11 12 17 18 24 26 
29 10 5 8 12 14 15 18 19 21 25 27 
30 10 3 5 14 19 20 23 24 25 26 27 
31 13 3 7 10 13 15 16 17 18 20 22 25 27 28 
32 14 2 3 4 6 7 10 11 12 14 15 21 25 26 29 
33 16 1 2 3 5 7 12 16 18 20 21 23 24 25 27 28 31 
34 19 1 2 3 4 6 8 11 12 13 15 16 18 19 20 26 27 30 31 32 
35 17 2 3 4 7 8 9 12 14 15 19 20 23 25 26 27 30 31 
36 14 2 4 6 7 10 11 12 13 17 18 20 24 28 32 
37 16 2 3 6 7 10 11 12 15 18 20 21 22 25 29 30 31 
38 20 3 4 5 7 8 10 12 14 16 17 23 24 27 28 29 31 33 34 35 36 
39 21 1 2 4 5 6 8 9 10 11 14 16 17 20 24 25 29 30 31 32 35 37 
40 23 1 2 3 5 6 7 8 10 11 13 15 16 19 20 21 22 24 26 32 33 34 36 38 
41 23 1 3 4 5 6 7 9 10 14 15 17 19 20 21 22 23 25 30 33 34 35 36 39 
42 15 5 7 9 11 12 14 15 20 21 23 28 31 32 36 40 
43 22 1 3 5 8 9 11 12 13 16 18 19 21 22 26 30 32 34 35 36 38 40 41 
44 22 3 5 8 9 11 12 14 16 17 18 20 24 25 26 27 30 31 34 35 36 37 39 
45 25 1 3 4 6 7 9 10 11 13 14 15 18 19 22 24 25 26 31 32 34 36 37 40 42 43 
46 21 1 3 5 7 8 13 14 16 19 22 24 26 27 29 32 34 35 38 39 41 43 
47 21 4 5 6 13 14 15 17 18 20 21 22 24 26 30 31 33 34 36 38 39 42 
48 23 1 2 3 4 6 7 8 12 16 19 20 21 22 26 27 29 33 35 37 39 40 44 46 
49 28 3 5 6 9 11 12 13 14 15 16 19 20 22 23 25 26 27 28 30 31 32 34 35 36 37 38 40 45 
50 34 2 3 4 5 6 7 8 9 11 12 13 15 16 17 18 19 22 23 24 26 27 28 30 31 33 34 35 36 37 42 44 46 47 48 
51 23 1 2 3 4 9 10 11 16 20 21 27 28 29 30 32 33 34 36 39 40 42 44 48 
52 28 1 2 4 7 9 10 11 13 14 15 18 19 20 21 23 24 27 30 32 34 35 36 37 40 41 42 44 45 
53 28 1 5 7 8 9 10 12 15 18 19 20 22 24 27 29 31 36 38 39 40 41 42 43 44 46 48 49 51 
54 32 2 5 6 8 10 12 14 16 17 18 19 20 22 23 25 26 30 31 32 34 35 36 37 38 40 41 42 43 44 48 49 52 
55 28 1 3 4 5 6 7 10 12 13 14 15 17 21 22 23 26 31 34 36 38 42 43 44 47 48 49 51 53 
56 27 2 3 4 5 8 9 10 12 14 15 18 19 20 23 24 26 30 35 36 37 38 40 42 45 47 51 52 
57 27 1 2 6 7 10 13 14 16 18 20 21 22 23 24 25 26 28 29 31 33 34 35 38 39 41 42 53 
58 19 5 9 11 16 19 21 26 27 30 33 35 40 43 44 45 46 50 55 56 
59 29 1 2 3 4 8 9 11 13 16 18 19 20 22 25 27 31 35 36 37 40 41 44 45 47 49 51 52 53 54 
60 20 2 3 6 8 10 13 15 25 26 27 32 35 36 37 40 43 44 53 55 58 
61 28 3 6 7 8 9 13 15 18 19 23 25 26 32 33 34 35 36 37 38 41 42 46 47 48 49 52 55 59 
62 28 1 2 3 5 7 12 13 16 20 22 23 25 26 28 29 32 34 36 38 39 40 45 49 50 53 55 58 59 
63 27 1 5 6 7 8 9 12 13 16 18 19 20 22 23 25 28 29 31 33 40 42 45 54 55 58 59 61 
64 38 1 3 4 5 6 7 8 12 14 15 16 17 18 19 20 22 28 31 32 33 34 40 42 44 45 46 47 48 49 51 52 53 54 58 59 60 61 62 
65 30 2 3 4 5 6 7 11 14 15 17 18 19 26 28 29 31 32 35 40 45 46 47 48 53 54 55 58 59 60 63 
66 29 1 2 4 6 7 9 10 17 25 27 28 29 31 34 35 36 39 40 42 44 46 48 53 55 58 59 60 61 63 
67 27 2 7 8 13 17 18 19 20 25 29 30 33 34 35 36 37 39 41 49 54 55 56 58 59 60 64 65 
68 40 3 4 6 8 9 10 11 14 15 16 17 18 20 21 22 30 31 32 33 34 35 36 39 40 42 43 45 46 49 51 53 54 55 56 57 58 61 62 63 66 
69 36 2 5 6 9 11 13 15 18 19 21 22 27 28 29 30 35 36 38 40 41 43 44 45 47 48 49 51 53 55 56 60 61 63 65 66 67 
70 32 1 7 9 10 12 13 14 16 21 22 23 26 28 31 33 37 39 41 42 43 45 46 47 50 55 56 57 59 60 61 62 65 
71 26 6 10 11 14 16 17 18 22 27 37 42 43 44 45 47 49 50 51 52 53 54 58 65 66 68 69 
72 34 2 3 6 9 11 12 15 18 19 24 25 27 29 30 31 32 36 39 40 43 45 46 51 54 55 56 57 59 60 63 65 67 69 70 
73 33 3 5 7 8 9 11 12 15 16 18 21 25 26 30 32 34 37 38 39 41 42 43 46 48 53 55 58 59 60 64 69 70 71 
74 39 5 6 9 10 12 13 14 15 16 17 19 20 21 23 24 30 31 32 33 34 35 38 42 46 47 48 50 51 53 55 56 57 58 61 64 65 66 68 71 

39 35
3 1 1 
4 1 2 
6 1 1 
7 2 1 4 
8 3 1 3 5 
9 3 1 6 7 
10 4 2 4 5 7 
11 4 1 2 6 9 
12 4 1 2 6 9 
13 4 2 5 8 10 
14 5 2 4 5 10 12 
15 3 5 6 12 
16 5 1 2 6 10 11 
17 8 1 2 3 7 8 9 12 15 
18 7 1 2 3 8 9 12 16 
19 8 2 3 8 9 10 13 16 17 
20 9 2 4 5 6 10 11 15 16 17 
21 6 5 10 11 15 17 18 
22 6 1 4 5 15 16 19 
23 8 3 5 6 8 14 16 17 21 
24 8 3 5 6 11 15 16 19 20 
25 9 2 3 4 9 15 17 19 20 23 
26 11 1 2 4 5 9 10 13 15 17 18 20 
27 9 1 5 7 8 15 16 17 22 25 
28 16 1 2 3 4 6 8 9 12 16 18 20 21 22 24 25 26 
29 11 1 2 3 6 7 10 15 17 19 24 25 
30 19 1 2 3 4 6 7 10 11 12 13 15 16 18 19 22 23 24 25 27 
31 11 3 7 8 10 12 13 18 24 25 28 29 
32 11 1 2 4 5 6 8 17 21 22 23 29 
33 10 3 4 5 6 13 15 23 26 27 29 
34 14 2 3 4 6 7 10 11 12 14 15 22 24 31 32 
35 13 3 7 9 11 13 15 17 18 21 23 27 30 32 
36 8 2 3 13 22 23 26 28 34 
37 15 5 6 7 8 9 10 11 13 17 22 24 27 28 30 35 
38 17 1 4 11 13 14 17 19 20 22 23 24 28 29 30 32 35 36 

83 79
3 1 1 
4 1 2 
5 1 2 
7 3 1 3 4 
8 1 2 
9 3 1 3 4 
10 6 1 3 4 6 7 8 
11 4 2 4 7 8 
12 6 2 3 5 6 9 10 
13 2 7 10 
14 3 3 9 12 
15 6 1 4 8 9 11 13 
16 11 1 2 3 6 7 8 10 11 12 13 14 
17 11 1 4 5 6 7 8 9 11 12 13 14 
18 6 5 6 9 13 15 16 
19 10 1 2 4 6 7 9 11 13 15 17 
20 6 2 5 10 12 13 17 
21 10 2 4 5 6 7 9 10 13 15 16 
22 11 4 5 6 8 10 11 13 14 17 19 20 
23 12 2 3 6 7 8 9 10 11 15 16 18 20 
24 10 1 4 6 9 10 11 13 14 20 22 
25 12 1 3 6 7 8 10 12 13 17 19 22 23 
26 13 1 5 6 7 8 9 10 11 12 13 14 16 17 
27 13 2 4 5 6 7 8 9 12 14 16 17 18 20 
28 16 2 4 6 7 9 10 11 12 13 14 15 16 19 20 22 25 
29 10 1 2 3 4 9 14 16 17 18 26 
30 15 3 4 5 6 7 9 11 12 14 18 19 24 26 27 28 
31 10 1 2 10 13 14 16 19 22 23 29 
32 15 1 2 3 4 6 7 8 9 10 19 20 22 23 26 27 
33 15 2 4 5 7 8 10 11 14 15 16 18 19 20 26 29 
34 18 1 3 5 7 11 13 15 16 18 19 20 23 24 25 26 30 31 32 
35 15 1 3 4 7 11 14 15 17 18 22 24 25 27 29 30 
36 18 2 4 5 6 8 9 10 11 12 13 18 20 22 23 25 28 33 34 
37 20 3 4 5 8 9 10 11 12 13 15 16 19 21 22 23 24 26 28 33 35 
38 20 1 4 7 9 10 11 13 15 18 19 21 23 24 25 26 27 29 34 35 36 
39 19 1 2 3 4 9 11 15 16 17 19 22 23 26 28 29 32 35 36 37 
40 16 2 3 5 8 12 13 18 23 24 25 26 28 30 34 35 36 
41 19 2 4 7 10 16 17 19 22 23 27 29 30 31 32 33 35 36 37 39 
42 22 1 2 6 8 10 11 12 14 15 17 21 22 23 27 28 31 34 35 36 37 38 40 
43 23 3 5 9 10 11 14 20 21 22 23 24 25 27 29 30 31 32 34 35 36 37 40 41 
44 22 3 8 9 10 11 13 16 17 18 20 22 24 25 26 27 30 31 33 35 36 39 40 
45 25 1 2 3 6 8 9 10 12 16 18 21 22 24 26 28 29 30 31 32 33 35 36 37 39 41 
46 24 1 2 4 5 8 10 12 13 14 17 18 19 25 26 27 28 30 31 33 34 37 38 41 43 
47 21 1 2 3 4 7 11 15 20 24 26 27 29 32 34 36 37 38 39 42 44 45 
48 34 3 4 5 6 7 9 10 11 12 13 14 16 17 20 22 23 24 26 27 28 29 30 31 34 35 36 37 38 39 40 42 43 45 46 
49 21 2 4 7 8 10 15 16 22 24 25 27 28 30 31 32 34 39 43 45 46 47 
50 20 1 4 8 10 12 13 16 20 22 24 25 29 30 34 39 40 41 43 44 46 
51 27 2 3 4 5 6 8 10 11 13 17 19 20 23 24 27 31 32 33 34 37 38 39 40 41 43 44 48 
52 26 2 3 4 7 9 10 11 12 13 15 16 17 20 22 23 25 26 28 32 34 37 44 45 47 49 50 
53 26 2 7 8 9 10 12 15 17 24 25 26 29 30 34 35 37 38 39 41 44 45 47 48 49 50 51 
54 24 1 3 4 5 6 8 10 15 18 22 23 24 25 26 28 29 33 40 43 46 48 50 51 52 
55 30 1 2 3 4 6 7 9 10 15 17 18 19 20 25 26 27 28 29 32 34 35 36 38 39 40 41 42 45 50 53 
56 29 1 3 4 7 10 12 13 14 15 16 18 23 29 30 31 32 33 35 36 37 38 40 41 42 43 44 45 48 54 
57 25 2 4 5 8 9 10 15 16 17 19 24 26 27 28 34 37 38 40 43 44 45 47 49 51 53 
58 26 2 4 7 10 11 12 13 14 15 17 18 19 21 22 23 29 30 34 37 39 40 44 45 46 47 48 
59 24 1 2 4 6 7 9 13 14 15 18 20 21 24 25 26 30 31 33 41 47 50 51 52 54 
60 27 2 4 7 8 10 15 16 17 18 20 21 23 25 26 29 30 36 38 43 45 46 47 48 53 54 56 57 
61 25 1 6 8 11 14 15 16 18 22 25 26 33 34 38 40 43 44 46 47 49 54 56 57 58 59 
62 30 1 4 7 9 12 15 17 20 21 22 23 24 26 29 32 33 34 35 39 40 41 43 45 50 52 56 57 58 59 60 
63 31 1 3 4 5 6 7 8 11 12 13 14 16 20 21 22 29 30 32 34 37 40 41 42 48 49 50 51 52 56 57 59 
64 30 1 2 3 4 5 10 11 16 17 18 20 21 26 27 30 32 36 38 39 40 42 45 46 48 51 52 53 55 58 60 
65 27 1 3 12 13 16 17 18 19 22 24 25 26 27 33 37 38 43 44 46 47 49 51 54 55 56 57 60 
66 32 5 6 7 8 9 11 15 16 19 20 21 22 23 29 31 32 33 34 37 41 42 44 46 47 49 53 54 56 57 61 62 64 
67 31 1 2 3 9 10 16 23 26 27 28 30 31 33 34 36 37 38 40 41 43 45 46 47 48 50 51 53 54 59 60 62 
68 34 3 6 7 8 18 19 22 23 24 25 26 27 32 35 38 39 41 44 46 49 50 51 52 53 54 55 57 58 59 60 61 62 65 66 
69 29 3 4 5 6 7 8 11 13 15 21 26 29 31 32 35 36 38 41 42 43 45 49 50 52 53 56 57 63 64 
70 31 2 7 8 13 16 17 18 19 20 21 28 29 34 37 38 42 45 46 48 50 51 53 54 56 57 59 60 62 63 64 68 
71 31 3 4 6 7 11 12 13 15 17 18 19 22 23 25 26 27 29 32 34 35 36 38 39 41 43 44 47 58 64 67 69 
72 39 1 2 4 5 8 9 11 13 16 17 18 21 22 23 28 31 32 33 35 37 38 41 42 44 45 46 47 49 51 52 54 55 58 60 61 65 68 69 70 
73 40 1 2 3 4 5 7 13 15 18 21 23 24 27 33 34 38 39 41 42 43 44 45 46 47 48 49 50 51 52 53 55 56 59 60 61 62 65 67 69 71 
74 38 1 2 3 4 5 8 10 12 16 22 23 24 27 31 33 34 35 37 39 40 45 47 48 51 52 53 54 55 56 58 59 60 61 63 64 65 68 69 
75 34 1 3 4 5 6 7 8 14 21 23 27 29 39 40 43 44 45 46 47 48 50 53 54 59 61 62 64 66 68 69 70 71 72 73 
76 41 1 2 5 7 8 12 16 17 20 21 26 28 29 30 32 36 37 38 40 41 42 43 44 45 48 49 50 51 52 54 55 58 62 63 65 66 69 70 71 73 74 
77 40 2 3 5 7 9 12 14 16 17 19 20 22 24 25 26 28 30 32 33 35 40 41 44 45 46 47 48 49 50 52 53 57 59 60 61 64 65 69 72 73 
78 33 1 2 4 5 6 8 9 12 13 15 16 18 19 20 21 31 34 37 38 39 43 47 51 55 57 60 64 66 67 68 69 74 75 
79 37 4 7 11 13 15 16 17 20 21 25 27 28 30 31 32 33 35 37 38 42 44 46 48 49 50 51 55 56 57 60 61 63 64 66 69 70 71 
80 41 1 3 4 8 9 11 12 15 18 19 20 22 23 24 25 29 30 31 32 35 37 40 42 45 47 54 56 57 59 60 61 63 64 65 66 67 68 69 70 72 77 
81 42 1 3 9 11 15 16 17 19 20 22 23 27 28 31 33 34 35 38 39 41 43 45 46 48 49 50 52 53 56 58 60 61 63 65 66 67 68 69 70 71 78 79 
82 34 1 3 4 8 9 11 12 15 16 18 20 22 24 29 31 33 34 36 42 44 46 50 56 57 61 65 66 68 71 72 76 77 78 79 

57 53
3 1 1 
5 2 1 2 
6 1 4 
7 2 2 4 
8 4 1 2 3 5 
9 3 1 3 6 
10 4 2 3 4 5 
11 6 3 4 5 6 7 8 
12 6 1 2 7 8 9 10 
13 4 3 4 7 11 
14 6 2 3 4 5 6 9 
15 7 1 3 4 6 8 9 11 
16 10 1 3 4 6 8 9 10 12 13 14 
17 9 1 2 3 4 5 6 9 10 11 
18 10 2 3 4 5 6 7 10 11 12 15 
19 9 1 2 4 5 9 11 13 16 17 
20 11 1 2 4 5 6 10 13 14 15 16 17 
21 10 1 2 4 6 9 10 12 13 14 15 
22 14 2 4 5 6 8 9 10 12 13 14 15 17 18 19 
23 10 2 4 9 10 11 13 15 16 18 20 
24 13 2 3 5 6 8 10 11 12 14 16 18 19 21 
25 10 1 3 5 7 10 15 17 18 20 22 
26 14 4 5 6 7 8 9 11 13 14 16 17 21 22 23 
27 17 1 2 3 4 5 7 8 10 11 13 14 18 21 22 23 24 25 
28 15 2 3 5 6 7 9 13 16 18 21 22 23 24 25 26 
29 14 2 3 8 11 13 17 18 19 22 23 24 25 26 27 
30 16 2 3 4 6 10 12 13 15 16 19 20 21 22 24 25 26 
31 15 1 2 3 4 5 6 7 13 14 17 19 20 22 27 29 
32 15 1 3 6 8 10 11 12 13 14 16 19 20 24 28 30 
33 18 3 4 7 8 10 12 13 14 16 17 20 21 25 27 28 29 30 31 
34 16 6 7 8 11 13 15 16 17 20 22 23 24 28 29 30 32 
35 13 1 6 7 9 11 16 17 18 19 21 23 26 30 
36 19 3 4 6 7 8 12 13 17 18 19 22 23 24 25 27 28 31 33 34 
37 25 1 3 4 5 6 7 9 10 12 14 15 17 18 19 21 22 23 26 28 29 30 31 33 34 35 
38 19 1 3 4 5 6 8 10 12 15 19 20 21 25 28 29 31 32 35 36 
39 17 2 3 4 5 7 10 11 13 14 16 20 22 26 28 32 35 36 
40 19 1 2 6 7 8 16 18 19 21 22 25 26 29 30 32 33 34 37 38 
41 11 1 7 10 14 15 16 22 26 27 30 36 
42 20 1 3 4 6 10 11 12 14 17 19 20 21 26 27 28 29 30 33 38 39 
43 20 1 5 6 8 9 10 12 15 18 22 26 28 29 30 32 33 36 37 39 40 
44 23 1 2 6 9 12 13 15 17 19 20 21 24 25 26 27 29 31 33 35 37 39 41 42 
45 21 1 7 9 10 12 13 14 15 16 18 21 25 26 28 30 31 32 34 37 38 41 
46 20 1 4 6 8 9 13 14 15 16 17 22 25 30 31 32 36 37 41 43 44 
47 18 2 4 5 8 9 10 11 17 20 21 25 26 27 28 34 40 41 44 
48 24 1 2 3 5 6 9 10 11 13 14 17 19 20 22 23 26 28 33 35 36 37 40 44 45 
49 25 2 4 7 8 9 10 12 14 15 16 17 18 20 21 23 24 25 26 28 30 31 32 38 40 47 
50 22 2 5 6 8 9 11 15 16 17 18 22 26 27 31 32 34 35 36 38 40 42 45 
51 30 2 3 4 5 6 8 9 10 12 14 15 17 20 21 22 23 25 27 29 30 31 32 35 40 42 43 44 46 48 49 
52 26 2 3 4 5 8 9 11 15 16 17 22 23 25 26 27 30 32 34 35 37 38 42 44 47 48 50 
53 25 1 3 4 5 8 12 13 16 18 20 22 24 25 26 27 29 30 31 33 34 39 40 45 48 51 
54 33 2 4 6 7 9 10 11 13 16 17 18 19 21 22 24 25 26 27 29 30 32 33 35 40 41 42 45 46 47 48 49 51 52 
55 25 2 3 7 9 11 13 14 15 18 21 22 23 25 26 29 31 32 33 35 38 39 42 50 51 52 
56 23 1 5 7 12 16 17 20 21 23 26 28 29 31 37 40 42 43 44 46 47 48 49 53 

79 74
4 1 2 
6 3 1 2 4 
7 2 1 4 
8 3 1 2 6 
9 4 2 4 5 7 
10 2 2 4 
11 4 5 6 8 9 
12 2 7 9 
13 9 1 2 3 4 6 7 8 10 11 
14 5 4 5 8 10 11 
15 5 2 4 7 9 10 
16 7 1 4 5 7 8 9 14 
17 10 1 2 4 5 6 7 8 11 12 14 
18 12 3 4 5 6 7 10 11 12 13 14 15 16 
19 11 2 3 4 5 7 9 12 13 14 16 17 
20 9 1 2 5 7 10 11 14 16 18 
21 10 1 2 4 5 11 12 13 14 18 19 
22 11 2 3 5 7 9 10 11 12 13 15 16 
23 10 2 4 5 7 8 9 10 14 15 19 
24 12 1 3 4 6 10 13 14 17 18 19 21 22 
25 12 3 4 5 6 8 9 11 15 17 19 20 23 
26 20 1 2 3 4 5 6 7 8 9 10 11 12 14 15 16 18 19 20 23 24 
27 13 2 10 11 12 13 15 16 17 19 20 21 23 25 
28 12 2 3 6 7 11 12 15 17 18 20 21 22 
29 12 2 3 4 6 7 8 9 15 17 20 26 27 
30 16 3 6 7 8 10 12 14 15 17 18 19 20 21 22 24 27 
31 15 2 3 4 5 7 8 9 12 14 15 16 17 19 23 24 
32 15 1 4 5 7 8 11 12 18 19 21 23 24 28 29 30 
33 10 3 6 7 10 18 19 20 21 24 29 
34 13 1 4 6 9 11 13 19 22 23 24 28 30 31 
35 19 1 2 5 6 8 11 12 13 14 15 16 17 19 27 29 30 31 32 33 
36 17 1 3 4 5 6 11 18 19 20 22 24 25 29 30 31 33 34 
37 15 1 2 6 8 9 12 13 14 16 18 21 23 31 33 35 
38 18 1 5 6 8 9 13 17 18 19 20 21 23 27 29 30 33 35 36 
39 19 3 6 8 10 17 18 19 21 24 25 26 28 30 31 32 33 35 36 37 
40 19 1 2 3 4 6 8 9 10 11 13 14 15 24 25 29 30 31 36 37 
41 30 1 2 3 4 5 6 7 8 9 10 11 12 13 14 16 17 18 19 21 23 24 25 26 27 29 30 32 33 38 39 
42 19 1 3 4 6 7 8 13 14 18 19 23 24 25 28 30 31 32 34 35 
43 20 3 4 6 7 9 10 12 14 15 16 18 19 20 22 24 26 31 36 39 40 
44 20 3 4 6 8 9 10 14 17 18 24 25 27 30 32 33 35 36 37 38 39 
45 21 1 3 6 8 11 14 18 21 25 26 27 28 30 32 33 36 37 39 40 41 43 
46 22 1 2 6 10 12 15 18 19 20 21 22 24 25 26 30 33 36 38 40 41 42 44 
47 25 1 3 4 5 6 7 9 10 12 14 16 18 19 20 27 29 30 33 35 36 37 38 41 43 45 
48 20 1 3 4 6 8 9 10 11 18 19 20 24 26 27 28 29 33 35 36 41 
49 25 1 3 6 7 8 9 12 13 14 16 18 19 23 24 25 28 29 30 31 33 37 41 42 44 47 
50 24 1 3 5 6 7 8 11 13 14 15 16 19 20 23 24 29 32 33 34 38 43 44 45 46 
51 28 3 5 6 8 12 13 15 17 18 19 20 24 25 26 27 28 29 30 31 36 37 38 40 41 43 44 46 48 
52 28 3 5 6 9 10 12 15 16 18 20 21 22 23 25 27 28 30 33 35 36 38 39 40 41 43 47 48 50 
53 28 1 5 7 9 10 12 14 17 19 20 26 27 28 30 31 32 34 35 36 38 39 41 42 45 46 47 50 51 
54 28 1 4 6 9 10 11 13 14 16 17 18 19 20 21 22 23 24 25 26 27 28 30 31 32 34 39 41 52 
55 36 1 2 4 5 6 7 9 10 12 13 14 18 19 21 22 23 26 27 29 30 31 32 33 35 37 38 39 40 41 42 44 45 49 50 52 53 
56 28 1 3 5 9 10 12 13 15 16 19 20 22 23 26 28 30 31 32 33 34 35 37 40 41 42 46 51 52 
57 25 4 5 8 9 10 12 13 14 17 18 20 24 26 27 28 29 30 31 39 42 45 46 47 49 54 
58 33 1 6 7 8 9 11 12 13 14 16 18 20 21 24 25 28 30 32 38 39 40 41 42 44 45 46 47 49 50 51 52 53 56 
59 30 1 5 6 7 11 14 16 17 21 23 24 25 26 28 29 33 35 36 37 39 40 41 42 47 50 51 53 54 55 56 
60 29 1 3 7 8 9 13 18 19 20 24 25 26 29 30 31 34 36 38 42 43 45 46 47 48 50 52 56 57 58 
61 28 1 4 5 9 11 13 15 16 26 28 30 31 35 36 37 43 44 45 47 48 49 51 52 55 56 57 58 59 
62 30 4 5 6 7 9 10 11 12 14 15 20 21 24 25 29 30 31 32 34 37 39 40 43 48 49 52 53 55 56 57 
63 23 3 5 10 11 14 17 22 25 26 27 28 29 34 35 40 42 43 47 48 50 51 58 60 
64 31 3 4 6 8 9 10 13 15 16 17 19 20 22 24 29 30 32 33 34 40 47 48 49 52 53 54 55 56 58 59 62 
65 34 1 2 5 10 13 14 17 18 21 22 23 25 28 29 31 32 33 35 36 38 41 42 43 51 52 54 55 56 57 58 59 60 62 63 
66 27 1 4 5 7 9 13 17 18 19 20 22 24 25 30 34 36 37 38 42 44 48 50 52 53 55 57 61 
67 30 1 2 3 4 7 12 13 14 16 17 23 24 26 27 29 36 37 39 45 46 48 50 51 52 54 56 58 60 61 62 
68 35 1 3 4 7 10 11 12 14 15 18 19 20 21 23 25 27 29 32 33 34 37 38 39 40 41 42 45 48 50 51 56 58 59 61 62 
69 29 2 3 5 6 7 8 9 12 15 23 26 28 30 31 32 36 37 38 39 41 43 44 45 49 55 56 60 62 64 
70 30 1 4 5 6 8 10 12 16 18 19 25 28 30 31 34 35 36 39 41 42 44 46 50 51 53 55 57 60 64 65 
71 37 1 6 7 8 10 11 14 15 16 17 18 19 20 21 24 27 29 32 33 34 37 38 41 42 43 44 46 47 55 57 59 60 63 64 65 66 69 
72 32 1 2 4 5 8 9 10 11 12 13 14 15 21 22 24 25 26 31 33 34 36 37 38 40 41 46 49 55 62 63 69 70 
73 35 1 5 6 8 9 15 16 17 18 19 21 25 26 27 28 30 31 33 35 37 42 43 46 49 51 52 53 54 56 57 58 59 61 63 69 
74 40 1 4 7 11 12 13 15 16 17 20 21 24 27 28 30 32 34 36 38 40 42 43 44 46 47 48 51 52 54 55 56 57 58 60 62 64 65 69 70 72 
75 40 1 2 3 7 8 13 14 17 19 21 24 25 26 27 29 31 32 39 41 42 43 45 48 49 52 53 54 55 56 58 59 60 62 63 64 67 68 69 72 73 
76 32 1 2 4 7 10 13 14 16 18 19 20 26 28 29 30 35 36 38 40 46 49 52 53 57 58 59 62 65 67 69 71 72 
77 32 1 2 5 10 12 13 17 18 19 20 24 25 27 32 34 36 38 39 40 42 43 46 47 49 50 51 53 62 64 70 73 75 
78 34 6 8 10 13 15 18 20 21 22 25 28 30 32 33 38 39 41 42 44 46 47 49 50 52 56 58 60 61 64 65 68 70 71 75 

53 49
4 1 1 
5 2 1 2 
6 2 2 4 
7 3 1 2 3 
8 3 1 2 6 
9 5 2 3 4 5 7 
10 6 1 2 3 6 7 8 
11 4 2 3 5 8 
12 6 2 3 4 7 8 10 
13 6 4 5 7 8 10 11 
14 6 1 2 4 6 8 10 
15 7 1 2 3 6 8 10 11 
16 4 2 7 10 14 
17 9 1 5 6 7 8 11 12 13 15 
18 9 3 4 8 11 12 13 14 15 16 
19 11 1 3 7 8 9 10 11 13 15 16 17 
20 13 1 2 3 4 5 7 9 11 13 14 15 16 18 
21 12 2 5 6 7 8 13 14 15 16 17 18 19 
22 8 2 3 6 7 10 11 15 18 
23 12 1 3 5 8 9 11 12 13 14 16 20 21 
24 15 1 3 5 7 8 9 11 12 14 15 16 17 18 20 22 
25 13 1 2 4 7 8 11 14 16 17 18 19 20 22 
26 10 4 5 8 10 11 12 14 15 20 22 
27 12 3 5 6 8 9 10 12 15 17 18 20 22 
28 14 3 4 6 9 11 13 14 18 19 20 21 23 24 25 
29 13 2 5 6 8 9 11 13 17 18 20 22 24 27 
30 14 1 3 5 7 8 9 10 13 16 18 19 21 24 25 
31 14 3 6 7 9 10 14 15 18 20 21 24 25 27 29 
32 16 1 5 7 8 15 16 18 19 20 21 22 23 24 25 26 29 
33 14 1 3 4 5 13 14 15 19 22 24 27 29 30 31 
34 14 2 4 6 8 11 12 13 14 16 17 18 26 28 31 
35 18 1 3 4 5 6 10 11 12 13 14 15 18 20 21 24 25 30 32 
36 15 2 3 6 12 15 18 19 20 23 24 27 28 29 32 34 
37 19 1 2 5 6 7 8 9 12 16 17 19 20 21 22 24 27 30 32 33 
38 15 1 3 6 8 9 13 14 15 21 30 31 32 33 34 36 
39 16 2 6 7 16 17 19 22 23 24 25 26 27 29 30 33 34 
40 17 2 5 6 8 9 11 12 19 20 22 24 25 28 32 33 35 36 
41 19 1 4 9 10 11 13 15 16 18 20 21 22 23 24 29 32 33 38 39 
42 24 1 2 3 5 6 8 9 10 11 12 14 15 16 20 21 24 29 30 31 32 33 36 37 38 
43 20 1 2 3 7 8 9 10 12 13 16 17 19 20 26 31 32 35 36 38 39 
44 18 1 2 3 4 5 6 8 9 11 12 16 18 19 21 25 30 34 39 
45 22 2 3 5 7 9 11 14 16 17 18 19 20 23 25 27 28 29 30 33 36 38 41 
46 18 1 3 4 5 8 11 12 14 16 22 27 30 31 33 34 39 43 44 
47 24 3 6 8 9 10 13 14 15 17 18 22 25 26 28 30 31 32 33 35 36 38 40 41 45 
48 24 4 5 6 10 11 12 13 15 18 21 23 25 26 28 29 31 32 33 34 37 40 42 44 46 
49 19 5 6 7 8 10 14 15 16 19 20 24 25 29 30 31 32 34 37 46 
50 30 1 2 3 6 7 8 10 11 12 13 14 15 16 17 18 21 22 23 25 26 29 31 32 33 35 36 41 43 44 48 
51 26 2 5 6 7 9 11 12 13 14 15 16 17 21 22 23 24 25 27 34 36 38 42 43 44 46 48 
52 25 1 2 4 6 9 10 14 15 16 17 19 20 24 25 29 30 33 35 37 42 44 46 47 48 50 

33 30
3 1 1 
4 1 2 
5 1 2 
6 2 2 4 
7 2 3 4 
8 2 2 5 
9 4 1 3 4 6 
10 4 1 3 5 8 
11 4 3 5 6 9 
12 6 1 2 3 6 7 8 
13 3 5 7 8 
14 8 1 2 3 4 5 6 7 10 
15 8 1 2 3 6 8 10 11 12 
16 6 1 5 6 8 10 12 
17 7 3 5 7 8 11 12 15 
18 10 3 5 6 7 9 10 12 14 15 16 
19 9 1 2 3 6 10 12 13 15 16 
20 7 1 3 4 7 12 14 15 
21 13 1 2 3 4 5 7 8 9 10 12 14 16 18 
22 9 1 4 5 7 8 10 11 15 18 
23 12 2 3 4 5 7 9 11 13 14 16 17 19 
24 11 2 3 7 8 12 13 14 15 17 19 20 
25 15 5 6 7 8 9 10 11 12 13 15 16 18 21 22 23 
26 11 4 5 6 7 8 10 12 16 17 18 22 
27 14 2 6 7 8 10 11 12 13 17 18 21 22 23 25 
28 14 3 4 5 8 9 11 13 15 19 20 21 22 24 26 
29 12 6 9 10 12 13 17 18 19 20 22 24 26 
30 14 6 7 10 11 12 14 18 20 21 23 24 26 27 28 
31 9 2 6 9 10 18 20 22 24 26 
32 10 1 2 7 8 13 15 21 27 29 30 

92 89
3 1 1 
4 1 2 
5 2 1 3 
6 1 3 
7 3 1 2 3 
8 3 3 5 6 
9 5 1 2 3 6 7 
10 4 2 5 7 8 
11 1 9 
12 5 1 2 3 5 7 
13 3 5 7 8 
14 6 3 4 6 7 8 10 
15 6 2 3 4 5 11 13 
16 9 1 5 6 7 8 11 12 13 14 
17 9 2 4 5 6 7 9 11 12 15 
18 8 1 2 3 4 5 13 14 16 
19 8 1 3 4 5 6 8 13 16 
20 5 4 9 10 11 17 
21 9 2 3 4 10 12 14 16 17 19 
22 12 2 4 5 7 9 11 12 13 14 15 16 18 
23 10 2 3 10 12 13 15 16 17 18 20 
24 12 2 3 4 5 7 8 11 12 13 17 19 22 
25 9 6 7 9 12 15 16 17 19 23 
26 13 2 3 5 7 8 9 12 14 16 17 18 19 24 
27 10 3 11 13 14 16 17 18 19 22 25 
28 14 2 5 9 10 11 13 14 15 16 19 20 22 23 25 
29 15 2 3 6 10 11 13 14 15 17 18 19 21 23 24 27 
30 15 4 5 6 10 11 12 13 17 18 19 20 21 26 27 28 
31 11 3 4 5 8 10 11 16 20 22 26 27 
32 14 1 6 7 12 13 14 16 17 18 19 20 23 27 30 
33 13 3 4 6 10 17 18 19 21 24 26 27 29 30 
34 18 3 6 7 8 11 12 13 14 17 18 19 20 23 24 26 28 31 32 
35 18 1 5 6 8 11 13 15 16 19 21 22 23 26 27 29 30 32 33 
36 18 4 5 7 12 14 15 17 19 20 21 22 25 26 27 29 32 33 34 
37 18 1 2 5 7 9 10 13 17 18 20 24 25 26 27 28 31 33 35 
38 18 1 2 3 5 6 8 10 13 14 15 16 18 19 23 28 30 32 35 
39 23 1 2 4 10 11 12 13 14 15 16 17 18 19 20 22 23 25 26 30 32 33 35 37 
40 21 1 2 3 5 8 11 13 14 15 20 21 23 26 27 30 31 33 34 35 36 38 
41 19 3 6 8 9 10 16 17 19 21 24 27 28 29 31 32 33 37 38 39 
42 17 2 3 6 7 8 9 12 16 18 20 27 31 35 36 38 39 40 
43 23 1 5 6 8 10 12 13 14 15 17 20 21 23 25 26 28 29 31 32 36 37 38 40 
44 21 2 3 4 5 9 12 13 15 16 17 19 20 21 25 30 32 34 35 36 37 41 
45 14 1 3 4 5 11 14 15 18 23 29 33 34 37 39 
46 21 2 3 4 5 7 8 10 14 15 19 20 21 23 25 26 27 28 34 36 38 44 
47 27 1 2 3 4 5 6 10 12 13 14 17 18 20 21 25 26 28 29 30 33 35 37 38 39 41 44 45 
48 29 1 2 3 4 5 6 7 10 11 12 14 16 19 21 22 23 25 26 28 29 31 33 34 35 36 40 42 43 44 
49 29 2 4 6 7 9 13 14 15 16 19 20 21 23 25 26 28 29 32 34 35 36 37 39 40 41 42 44 46 47 
50 23 1 2 7 8 9 12 13 14 15 16 17 18 19 21 25 26 27 29 33 37 38 39 44 
51 19 4 5 13 14 17 20 27 30 31 33 34 38 40 42 43 44 45 46 48 
52 22 2 3 6 12 13 20 21 22 23 26 27 28 29 30 32 35 38 39 40 46 49 50 
53 24 1 4 5 8 9 12 14 15 19 20 21 23 24 25 29 30 33 38 39 42 44 47 48 51 
54 25 1 2 9 10 12 13 14 16 18 23 24 25 26 30 31 32 34 36 39 40 43 44 46 47 50 
55 32 2 3 4 7 8 10 11 12 13 15 16 17 21 24 25 26 27 29 33 35 36 38 39 40 41 42 43 44 46 47 49 51 
56 25 4 5 7 11 12 13 14 15 19 20 23 24 26 28 30 32 36 38 40 42 43 47 50 51 53 
57 24 4 5 6 10 11 13 15 18 19 20 21 22 24 25 26 31 37 38 41 43 49 51 54 55 
58 30 2 6 7 8 10 12 13 14 15 18 19 20 22 26 27 29 32 33 35 37 39 44 45 46 48 49 52 53 54 55 
59 23 2 13 14 16 18 19 20 22 27 28 32 33 34 35 36 40 42 44 49 50 51 54 55 
60 31 1 2 3 7 10 11 12 15 17 23 27 28 29 32 35 38 39 41 42 44 45 46 47 49 51 52 53 54 55 56 58 
61 25 2 3 7 9 10 11 13 14 16 17 26 27 28 29 30 34 36 37 39 44 45 51 54 58 59 
62 33 1 7 11 12 14 16 17 18 19 20 22 23 24 25 27 28 29 30 33 35 36 38 39 41 43 44 47 49 53 55 56 57 58 
63 33 1 4 9 10 12 13 14 15 16 17 18 19 21 22 23 24 25 27 29 30 35 38 39 43 44 49 50 55 56 57 58 59 61 
64 25 1 6 7 8 14 15 16 17 21 22 24 26 31 32 33 36 41 46 47 48 50 51 57 58 60 
65 34 1 2 4 5 6 7 9 11 12 14 15 16 17 19 23 24 27 28 30 32 34 35 37 38 39 43 45 46 48 52 53 55 59 62 
66 26 2 3 8 10 12 15 22 23 24 26 29 30 32 34 37 40 42 43 47 53 54 56 57 60 62 64 
67 25 7 8 11 15 18 21 22 24 26 27 28 30 31 32 36 38 39 42 43 46 50 54 58 60 63 
68 37 1 2 4 7 8 13 14 15 17 18 19 20 21 25 26 27 28 31 32 33 35 36 37 39 40 41 45 46 52 54 56 57 58 60 62 65 66 
69 37 1 4 5 6 7 9 13 15 16 18 19 20 21 23 24 25 27 29 30 31 34 35 36 40 42 44 45 46 48 49 50 52 59 62 63 65 67 
70 26 2 3 6 8 11 14 15 18 20 22 24 29 31 33 34 37 38 40 42 43 46 48 52 53 56 58 
71 32 1 3 4 5 6 7 10 16 24 25 26 27 29 31 32 33 35 36 39 40 44 45 47 49 50 52 56 57 58 62 63 67 
72 37 3 5 6 8 11 12 16 17 18 20 21 22 24 25 27 28 29 31 33 35 36 38 39 41 42 45 47 50 52 53 54 57 59 60 62 65 67 
73 33 3 4 8 10 12 14 23 25 30 32 33 34 35 36 37 44 46 48 50 52 53 54 55 57 58 61 62 63 64 65 66 67 70 
74 36 3 5 9 11 14 15 16 17 19 20 21 26 28 31 33 34 37 38 41 43 46 51 52 53 54 56 58 61 63 64 65 66 67 68 70 71 
75 33 3 4 7 8 11 12 14 15 17 18 21 27 30 31 34 36 37 38 40 42 45 48 49 51 52 53 54 59 63 66 69 71 72 
76 33 4 6 7 8 10 11 12 15 16 17 22 24 25 26 27 30 32 34 45 46 48 51 54 57 59 60 63 64 65 70 72 73 74 
77 40 1 2 6 7 10 13 14 16 17 20 21 22 23 25 27 31 34 35 36 38 39 44 45 46 51 53 57 58 60 61 62 63 66 67 68 69 71 72 74 75 
78 43 2 3 4 5 6 8 11 12 13 14 15 16 17 19 20 21 22 24 25 28 31 35 36 41 44 46 48 49 50 54 55 56 59 60 62 63 64 66 69 72 74 75 76 
79 39 1 4 5 6 8 9 10 11 12 14 16 20 21 24 25 26 27 33 36 37 38 39 40 43 45 47 48 49 53 55 61 64 67 70 72 73 75 76 77 
80 44 1 3 4 5 7 8 10 11 16 17 18 20 21 23 24 25 26 27 31 32 33 34 37 41 42 43 44 47 49 51 53 55 56 57 58 61 62 63 64 70 72 75 76 77 
81 32 1 3 4 7 9 10 11 17 19 20 21 30 32 33 34 37 39 45 47 52 54 56 59 63 66 68 70 73 76 77 78 79 
82 39 3 4 10 11 12 13 15 17 18 20 22 27 28 30 31 32 33 35 37 38 39 40 41 42 44 50 55 57 59 62 63 64 65 66 74 76 78 79 80 
83 46 2 4 6 12 13 14 15 17 18 20 23 26 27 28 30 33 34 35 36 37 40 46 48 50 51 53 55 57 59 60 62 63 64 65 66 67 69 70 71 72 74 76 77 78 79 80 
84 35 2 4 9 10 14 17 19 20 21 22 23 24 25 28 33 40 42 44 47 48 50 51 52 54 56 59 64 65 66 70 72 73 76 78 81 
85 33 1 2 3 4 10 12 13 14 17 18 20 21 25 26 27 36 41 42 48 51 52 54 55 58 59 60 62 66 70 71 77 80 81 
86 57 1 2 4 5 6 7 8 9 10 11 12 15 16 17 21 22 23 26 28 29 30 31 35 37 38 40 41 45 46 47 50 51 52 53 54 55 57 60 61 62 63 64 65 66 67 69 70 72 73 74 75 76 77 79 80 81 83 
87 41 2 3 7 8 10 11 12 13 15 17 18 21 24 25 27 28 31 33 35 39 41 47 48 50 52 53 54 57 58 59 60 63 64 66 68 74 75 79 81 82 83 
88 42 4 6 9 10 13 14 15 16 18 20 22 23 26 28 30 31 32 39 40 42 43 44 45 49 50 51 54 55 57 58 61 63 67 71 72 76 77 78 79 80 82 84 
89 35 1 3 6 8 9 10 14 15 17 18 19 21 22 23 29 30 31 32 33 35 36 37 41 44 49 52 55 61 63 68 71 76 82 86 87 
90 43 1 4 5 6 7 9 10 11 12 18 19 22 23 24 26 27 28 31 36 43 44 46 49 52 58 62 65 66 67 68 69 70 72 73 74 78 80 81 82 83 86 87 88 
91 49 2 3 4 5 7 8 10 11 12 13 17 20 24 25 26 27 28 29 30 32 33 35 36 37 38 39 40 41 44 46 48 49 52 53 54 57 59 62 64 65 66 71 73 77 82 84 86 87 88 

6 2
4 1 2 
5 1 1 

92 88
3 1 1 
5 2 1 2 
6 2 3 4 
7 2 3 5 
8 3 1 2 4 
9 4 3 5 6 7 
10 3 1 5 7 
11 7 1 3 5 6 7 8 9 
12 6 1 3 4 5 6 7 
13 7 1 2 3 7 8 10 11 
14 2 4 10 
15 6 1 4 6 7 8 9 
16 7 4 6 7 8 9 11 13 
17 4 3 7 8 15 
18 5 3 10 11 12 15 
19 6 4 5 7 10 12 17 
20 8 1 3 5 6 12 13 15 17 
21 10 4 6 7 8 10 11 13 14 16 19 
22 12 2 4 5 6 7 9 11 12 13 14 18 20 
23 12 2 4 5 8 9 11 13 16 17 18 20 21 
24 8 4 6 7 8 10 12 13 17 
25 14 2 3 4 6 7 8 12 14 15 16 17 20 22 23 
26 11 1 4 5 6 8 12 13 14 18 19 24 
27 12 2 4 6 8 10 12 15 18 19 20 24 25 
28 14 1 5 9 10 11 13 16 17 18 19 21 22 25 26 
29 17 1 2 3 4 6 7 9 10 12 13 14 16 18 19 23 25 26 
30 14 2 3 4 8 9 10 12 16 17 20 22 23 24 25 
31 16 4 6 7 8 9 12 13 14 16 17 18 19 21 27 28 29 
32 15 2 3 4 5 8 9 10 11 14 15 16 22 23 27 28 
33 16 2 4 7 9 10 11 14 18 20 22 23 24 27 29 30 31 
34 16 3 5 6 7 8 11 12 17 20 22 23 24 25 28 29 31 
35 20 2 3 4 6 7 8 9 12 13 15 16 20 21 23 25 26 28 29 30 31 
36 15 2 3 6 7 9 11 17 18 21 22 24 25 26 27 32 
37 17 1 2 6 7 8 9 10 12 13 16 18 19 25 26 27 29 32 
38 19 2 4 5 7 9 11 12 13 15 16 17 18 19 20 21 28 29 34 36 
39 16 6 8 10 11 14 16 17 18 19 26 27 30 32 33 36 37 
40 13 7 10 12 18 23 25 27 29 31 32 34 35 37 
41 20 1 5 7 9 10 13 15 17 18 24 25 27 30 32 34 35 36 37 38 39 
42 11 10 21 23 24 25 31 32 36 37 38 40 
43 20 1 4 5 9 14 18 21 22 24 25 26 27 28 29 34 35 36 37 40 41 
44 16 10 12 14 18 19 22 25 26 30 33 34 36 38 39 40 41 
45 19 2 4 5 6 9 10 11 15 18 22 24 25 26 29 32 34 35 40 42 
46 17 6 8 11 12 13 15 16 21 25 30 31 32 33 41 42 43 44 
47 24 2 6 8 11 12 13 15 17 18 19 20 21 22 23 30 31 32 33 34 39 40 42 44 45 
48 25 1 2 3 4 5 6 8 9 11 12 13 15 16 17 19 21 22 27 32 33 36 37 38 40 42 
49 23 2 8 9 12 13 17 19 21 25 26 28 30 31 32 33 34 37 38 42 43 45 46 47 
50 25 1 2 3 5 7 14 15 18 19 22 24 25 26 27 28 30 31 32 38 39 40 43 45 46 48 
51 22 2 6 9 12 13 14 15 16 22 24 29 30 31 32 34 36 39 41 43 45 47 48 
52 26 5 6 7 9 10 13 14 16 20 22 23 25 27 30 31 33 35 36 37 38 39 43 44 46 48 49 
53 27 3 4 6 9 13 15 16 18 21 22 24 26 28 29 30 31 32 33 34 36 37 38 43 46 48 49 50 
54 28 1 3 6 9 10 11 16 18 19 20 21 23 24 25 26 29 30 32 38 39 41 42 45 46 48 50 51 52 
55 25 4 6 7 8 9 11 12 16 17 18 19 21 23 26 31 33 34 36 39 42 45 47 48 50 52 
56 26 2 5 8 9 10 14 17 19 21 22 23 26 28 30 33 34 35 37 38 40 41 42 45 48 49 52 
57 28 2 3 5 9 11 12 13 15 16 18 26 27 28 29 30 32 33 34 38 41 43 44 45 46 48 51 52 53 
58 29 1 3 4 5 8 10 11 14 16 18 22 23 25 31 32 33 35 36 37 39 40 41 44 45 48 51 52 54 55 
59 23 1 2 3 5 6 7 16 17 22 27 28 30 31 32 35 37 41 43 45 47 49 50 57 
60 29 4 5 6 8 11 12 13 14 15 16 18 20 21 22 26 27 29 30 32 36 38 41 46 47 50 51 54 57 58 
61 28 1 2 3 4 5 8 12 15 20 22 23 25 28 30 33 37 38 39 42 44 45 46 48 49 52 54 57 58 
62 29 2 6 7 8 9 11 13 15 16 19 21 22 24 28 31 34 36 37 38 39 40 42 43 44 49 51 52 54 60 
63 37 1 2 3 5 7 9 13 15 16 17 18 19 22 23 24 25 27 34 36 37 38 40 41 42 43 45 46 47 49 51 53 54 55 57 59 60 61 
64 27 5 12 17 19 21 22 23 27 28 30 31 32 34 37 40 41 42 44 45 46 47 49 51 52 56 60 61 
65 28 1 4 6 7 8 11 12 15 16 22 24 26 29 31 32 33 37 45 46 47 49 50 51 54 57 60 62 63 
66 32 2 4 6 11 12 13 14 16 17 21 24 25 26 28 31 32 33 34 36 38 39 43 45 47 48 53 55 56 58 59 61 63 
67 35 1 2 4 6 7 8 9 10 18 19 20 22 23 25 26 28 29 30 34 35 43 44 45 47 48 49 52 53 54 56 57 58 60 63 65 
68 30 3 4 5 6 9 10 14 17 20 21 24 26 28 33 36 37 39 42 44 48 49 51 53 54 55 57 58 61 65 66 
69 37 2 3 4 5 7 8 11 12 15 17 18 19 20 21 22 23 25 26 27 28 29 34 35 37 39 40 41 42 46 47 51 53 55 61 62 63 66 
70 37 1 2 4 6 8 9 10 12 13 14 16 18 23 24 26 27 28 30 31 33 35 39 43 44 48 49 50 53 55 56 59 60 62 63 64 65 67 
71 41 1 2 3 6 7 9 10 11 12 13 15 16 19 20 21 22 24 25 26 28 29 31 32 34 35 39 41 42 44 45 47 50 51 52 53 59 63 64 66 67 68 
72 34 1 2 3 6 9 10 13 18 19 20 25 26 27 30 31 33 34 35 41 44 45 47 50 51 52 56 58 59 60 61 64 65 67 68 
73 40 1 2 3 4 6 8 9 12 13 15 16 17 21 24 26 27 29 30 31 32 33 34 35 36 37 38 44 45 48 49 51 52 54 55 56 63 64 69 70 71 
74 36 2 3 4 5 7 9 12 13 14 17 18 19 20 21 23 24 25 27 28 29 30 31 32 35 37 43 44 48 51 52 53 54 57 67 68 72 
75 39 1 3 4 8 9 10 18 22 23 24 26 27 30 32 34 35 39 41 42 44 46 48 49 50 51 52 54 55 56 58 59 60 62 67 68 69 70 72 73 
76 43 1 4 5 7 9 11 12 13 17 18 20 21 23 24 25 28 29 30 32 35 36 38 39 45 46 47 48 50 51 53 54 55 56 57 58 61 62 64 65 66 67 73 74 
77 40 1 2 5 6 7 8 9 10 12 13 15 19 20 23 27 28 31 33 34 36 37 38 39 42 44 46 47 49 50 52 56 59 60 62 63 64 65 69 71 72 
78 33 3 5 7 8 13 15 16 17 19 20 21 23 24 26 30 31 33 34 36 40 43 49 52 53 54 55 63 66 68 69 71 72 75 
79 40 1 2 7 8 14 16 19 20 21 22 23 25 28 29 30 34 36 37 38 39 40 46 47 49 50 51 52 53 56 58 59 60 62 66 67 69 70 73 75 77 
80 35 3 4 7 8 9 11 12 14 19 20 23 25 26 28 30 31 32 34 35 36 38 40 41 46 47 51 54 57 61 64 65 69 70 74 75 
81 36 1 7 8 9 11 15 17 18 22 23 24 25 31 35 37 38 43 47 49 51 53 54 55 57 58 59 62 64 65 66 67 69 70 74 75 77 
82 42 3 8 11 14 16 18 20 21 23 24 26 27 28 29 30 31 33 34 35 38 39 43 44 46 47 48 51 52 56 57 59 60 61 63 64 65 66 69 70 72 76 79 
83 37 3 7 8 9 11 12 14 16 18 19 22 23 29 33 34 35 38 39 40 42 45 49 54 56 57 58 59 61 64 66 67 74 75 76 77 78 81 
84 46 1 4 5 6 8 9 10 14 18 22 23 25 26 27 28 29 30 31 32 33 34 42 43 45 47 48 49 50 51 53 55 59 60 61 62 66 68 69 71 73 74 75 76 78 81 82 
85 46 2 3 5 8 9 10 11 12 13 17 18 20 23 26 28 29 31 32 34 37 40 41 42 43 44 46 48 49 50 52 54 55 58 61 62 63 64 68 73 75 76 77 79 80 82 83 
86 38 3 4 11 12 14 15 16 17 18 21 23 25 27 28 29 30 31 35 39 40 43 45 51 60 61 64 65 67 68 73 74 76 77 78 79 82 83 84 
87 46 1 3 4 6 8 9 10 11 12 14 20 23 25 26 27 29 32 34 38 40 41 43 44 48 49 51 52 56 57 59 60 61 62 63 64 65 66 67 68 71 74 76 77 78 80 84 
88 49 1 3 4 5 6 11 12 13 15 16 20 21 23 24 25 26 27 31 32 35 37 39 43 44 45 46 48 49 51 53 54 55 57 58 60 62 65 67 69 70 71 75 76 78 79 81 83 84 85 
89 42 4 8 11 18 19 21 22 23 27 28 29 30 37 38 41 43 44 46 47 49 50 52 53 55 56 57 58 60 61 62 69 70 72 73 74 75 78 80 82 84 85 87 
90 44 3 4 9 13 14 15 20 23 27 28 29 30 32 33 34 35 36 38 41 42 43 44 48 49 50 52 54 55 56 57 61 62 64 67 69 71 72 73 78 83 85 86 87 88 
91 52 1 2 5 6 8 9 10 12 13 16 20 21 23 24 25 27 29 30 31 33 35 37 39 40 41 42 44 45 47 49 50 52 53 54 55 58 62 63 65 66 67 70 72 74 77 78 80 81 82 85 86 87 

68 64
4 1 1 
5 1 2 
6 1 4 
7 4 1 3 4 5 
8 4 1 3 4 5 
9 2 4 6 
10 2 6 7 
11 6 1 2 5 7 8 9 
12 6 1 2 3 4 9 10 
13 5 2 5 8 9 11 
14 5 2 5 8 10 11 
15 7 1 5 6 8 10 12 13 
16 4 7 11 12 13 
17 9 1 2 4 5 6 10 11 13 14 
18 8 1 5 8 11 12 13 14 15 
19 13 1 2 3 4 5 6 7 8 9 11 12 14 15 
20 7 2 3 7 11 15 17 18 
21 13 2 3 4 6 7 8 10 11 12 14 17 18 19 
22 8 2 4 9 11 15 17 18 20 
23 7 2 3 5 9 17 18 19 
24 9 1 2 3 4 5 7 9 14 16 
25 14 2 3 4 6 7 9 11 12 14 15 16 18 20 23 
26 12 1 4 5 6 14 17 18 19 21 22 23 24 
27 9 2 6 9 10 11 12 16 17 20 
28 12 4 6 10 13 14 15 17 18 21 22 23 24 
29 16 5 7 9 10 11 12 15 16 17 18 20 21 22 24 25 27 
30 15 2 3 4 5 6 8 12 14 16 17 18 20 21 22 27 
31 17 2 5 6 8 9 10 11 12 14 15 17 18 19 22 24 25 29 
32 14 2 3 5 6 8 9 13 15 16 17 22 23 25 26 
33 17 1 4 5 6 7 8 9 13 14 15 16 17 21 22 24 29 31 
34 14 3 5 7 8 13 14 16 18 19 21 23 27 29 30 
35 13 3 7 11 13 15 16 17 21 22 27 29 30 31 
36 14 1 2 3 9 11 15 17 18 19 21 26 29 30 34 
37 16 1 3 4 6 9 12 16 18 20 21 22 29 31 32 33 34 
38 21 2 4 7 8 10 13 15 17 19 20 21 23 24 25 26 27 29 30 33 34 36 
39 22 4 6 7 9 11 12 13 15 16 18 19 20 21 22 24 29 30 31 33 34 35 36 
40 14 2 4 5 8 10 13 16 18 19 24 26 29 30 38 
41 17 1 3 4 5 8 10 11 18 19 21 22 23 25 27 29 32 34 
42 18 5 7 8 9 13 17 18 20 21 22 24 25 27 28 31 36 37 38 
43 23 2 3 7 8 9 10 12 13 14 15 16 19 20 23 25 26 27 28 29 31 37 38 41 
44 23 2 5 6 7 9 10 11 12 13 14 15 17 19 20 22 25 26 28 29 36 40 41 42 
45 26 1 3 4 5 6 7 8 9 14 17 18 19 20 21 22 24 25 28 29 30 33 36 37 38 40 42 
46 24 4 7 8 10 11 12 14 15 16 18 19 22 25 26 28 29 34 35 36 37 38 40 42 43 
47 24 5 6 7 8 9 11 12 15 18 20 21 22 23 24 28 30 33 35 36 37 38 39 41 42 
48 25 1 4 5 6 7 8 12 13 14 17 18 21 24 25 26 27 32 33 34 35 37 38 39 41 45 
49 18 1 4 5 6 7 9 11 26 27 28 30 34 37 38 40 43 45 46 
50 23 2 4 6 15 17 18 19 21 22 23 25 26 27 28 33 34 35 36 37 43 45 47 48 
51 28 3 5 6 8 9 11 12 13 14 15 16 17 19 23 25 26 27 28 30 34 35 36 37 38 43 44 47 48 
52 25 1 2 3 8 10 12 13 16 18 19 23 26 29 32 33 34 35 36 37 40 41 42 45 46 49 
53 23 1 4 5 10 11 15 16 17 18 19 20 24 25 27 30 31 37 41 42 44 48 49 51 
54 21 5 6 7 9 10 12 13 14 16 17 19 20 21 23 26 34 39 40 43 51 52 
55 33 1 3 4 5 6 8 10 11 14 17 19 20 21 22 23 25 27 28 31 34 36 38 40 41 43 44 45 46 47 48 49 50 53 
56 32 2 3 4 7 9 10 11 12 15 16 17 18 19 20 22 24 25 28 29 30 34 36 38 39 41 42 44 46 48 51 53 54 
57 28 4 7 9 10 11 12 14 15 16 17 20 22 24 25 27 28 31 33 34 35 36 38 39 41 45 47 48 51 
58 21 1 3 6 7 10 17 20 25 26 27 31 34 35 36 39 43 45 46 49 53 54 
59 28 1 2 3 4 5 8 9 11 13 15 16 18 19 20 21 23 27 31 35 36 39 40 42 50 54 55 56 57 
60 25 2 3 5 6 7 9 11 13 15 17 19 20 23 25 26 27 33 34 38 39 46 47 53 57 58 
61 36 1 2 4 7 8 10 11 14 16 18 19 22 23 24 26 27 28 31 34 35 36 37 38 40 41 43 44 45 46 48 49 51 54 56 57 58 
62 33 2 5 8 10 21 22 24 25 26 28 29 30 31 32 33 34 36 38 39 40 41 42 43 49 51 52 53 54 55 56 58 59 60 
63 28 1 2 3 7 8 12 14 16 17 20 22 24 28 29 34 35 36 38 42 43 44 45 46 47 55 56 57 58 
64 30 3 7 8 9 13 14 17 19 20 21 24 25 26 30 31 33 34 36 40 41 42 43 44 49 52 55 57 58 60 61 
65 25 1 2 4 14 16 17 18 19 21 27 28 31 33 36 38 45 47 48 49 52 54 59 60 61 62 
66 31 1 3 5 8 10 11 13 15 17 19 23 25 26 27 28 30 32 33 38 39 40 41 42 44 45 47 50 53 54 57 62 
67 35 2 5 6 7 8 9 10 11 15 17 18 19 23 24 26 29 30 34 35 36 38 40 42 44 45 47 48 54 55 56 57 59 61 62 65 