88 60
1 1 14
3 1 39
5 1 52
6 1 18
7 1 57
8 1 46
9 1 38
11 1 5
14 1 5
15 1 18
16 1 87
17 1 18
18 1 44
19 1 66
22 1 52
23 1 53
25 1 11
26 1 9
27 1 79
29 1 69
32 1 85
34 1 22
36 1 61
37 1 5
38 1 34
39 1 17
42 1 15
43 1 37
45 1 23
46 1 34
47 1 23
48 1 63
50 1 70
52 1 53
54 1 23
55 1 39
57 1 52
59 1 53
60 1 15
61 1 42
63 1 18
65 1 44
66 1 52
68 1 55
69 1 89
70 1 65
71 1 81
72 1 71
74 1 6
76 1 5
77 1 89
78 1 4
79 1 85
81 1 87
82 1 81
83 1 54
84 1 7
85 1 87
87 1 52
89 1 53

30 16
2 1 30
4 1 13
7 1 22
9 1 14
10 1 21
12 1 22
13 1 7
14 1 21
17 1 7
21 1 27
23 1 30
24 1 26
26 1 21
27 1 5
30 1 26
31 1 12

3 1
2 1 4

66 13
65 1 54
34 1 9
5 1 54
41 1 54
50 1 34
46 1 7
18 1 5
54 1 28
23 1 54
24 1 9
28 1 7
29 1 50
30 1 54

56 41
1 1 50
2 1 33
3 1 33
5 1 54
6 1 52
7 1 21
8 1 23
9 1 35
11 1 40
12 1 37
13 1 52
15 1 6
16 1 30
17 1 51
18 1 52
19 1 32
20 1 33
22 1 50
23 1 43
27 1 38
29 1 2
30 1 45
31 1 48
32 1 23
33 1 52
37 1 33
38 1 21
40 1 6
41 1 54
44 1 17
45 1 35
46 1 35
47 1 33
48 1 20
49 1 52
50 1 30
51 1 37
52 1 14
53 1 32
54 1 35
56 1 45

88 13
34 1 11
35 1 15
69 1 82
41 1 82
74 1 82
11 1 41
43 1 50
37 1 15
86 1 41
23 1 82
57 1 37
61 1 74
31 1 43

31 12
32 1 10
2 1 16
4 1 29
7 1 10
10 1 16
13 1 7
14 1 10
16 1 26
17 1 19
18 1 26
21 1 26
26 1 19

70 50
2 1 18
3 1 64
4 1 69
6 1 14
7 1 46
8 1 46
10 1 31
11 1 7
12 1 46
13 1 53
14 1 3
16 1 42
17 1 69
18 1 46
19 1 15
21 1 17
22 1 18
23 1 65
24 1 51
25 1 64
26 1 49
27 1 70
28 1 64
31 1 26
32 1 6
33 1 15
34 1 6
35 1 7
40 1 50
41 1 20
44 1 66
45 1 62
46 1 42
47 1 31
49 1 15
50 1 42
51 1 67
54 1 41
56 1 16
58 1 53
60 1 24
62 1 53
63 1 67
64 1 16
65 1 33
66 1 67
67 1 15
69 1 51
70 1 12
71 1 15

24 8
2 1 16
8 1 15
11 1 20
12 1 15
13 1 8
18 1 20
20 1 16
24 1 18

46 27
1 1 31
2 1 22
3 1 22
4 1 11
6 1 3
7 1 18
8 1 43
10 1 34
12 1 1
14 1 33
15 1 22
17 1 13
18 1 6
19 1 12
20 1 22
21 1 34
26 1 29
28 1 43
29 1 43
30 1 43
31 1 21
33 1 43
34 1 43
35 1 19
43 1 22
44 1 22
47 1 44

2 0

69 9
32 1 35
35 1 39
9 1 39
15 1 9
3 1 39
25 1 39
26 1 9
61 1 16
63 1 39

76 33
1 1 20
3 1 63
7 1 63
8 1 12
14 1 36
15 1 63
16 1 38
17 1 12
19 1 34
21 1 20
22 1 59
26 1 46
30 1 12
32 1 19
34 1 27
35 1 27
36 1 12
38 1 51
42 1 77
43 1 21
45 1 3
46 1 8
47 1 8
48 1 20
51 1 27
52 1 1
58 1 47
59 1 21
61 1 63
66 1 35
67 1 21
73 1 63
77 1 35

1 1
2 1 1

39 10
32 1 38
35 1 38
5 1 20
9 1 35
10 1 35
14 1 28
19 1 38
20 1 32
22 1 9
28 1 35

43 19
1 1 40
3 1 16
36 1 25
5 1 37
38 1 18
9 1 16
13 1 31
17 1 15
18 1 4
20 1 5
41 1 15
22 1 3
23 1 28
25 1 18
6 1 7
27 1 18
37 1 44
30 1 1
31 1 18

10 7
1 1 4
2 1 1
3 1 11
5 1 1
6 1 1
7 1 8
10 1 11

60 47
1 1 58
2 1 33
3 1 9
4 1 39
7 1 53
8 1 21
9 1 52
10 1 32
11 1 10
12 1 13
14 1 27
15 1 32
16 1 52
17 1 29
20 1 39
21 1 31
22 1 41
23 1 13
24 1 59
25 1 39
26 1 20
27 1 59
28 1 9
29 1 59
31 1 47
32 1 52
33 1 13
35 1 21
36 1 12
37 1 52
39 1 9
41 1 13
42 1 27
43 1 47
45 1 32
46 1 25
48 1 41
49 1 52
50 1 25
53 1 31
54 1 43
55 1 33
57 1 23
58 1 13
59 1 58
60 1 47
61 1 37

53 24
5 1 43
7 1 11
9 1 50
10 1 32
11 1 10
12 1 43
18 1 10
20 1 43
22 1 3
23 1 16
24 1 10
26 1 24
27 1 10
30 1 10
31 1 27
32 1 3
33 1 23
37 1 31
43 1 10
44 1 18
45 1 9
48 1 11
50 1 43
52 1 9

42 31
1 1 17
4 1 33
5 1 28
6 1 29
7 1 10
9 1 37
10 1 17
11 1 20
12 1 28
13 1 1
14 1 1
16 1 1
17 1 23
18 1 43
19 1 25
20 1 43
22 1 5
23 1 28
25 1 28
26 1 6
29 1 22
30 1 43
31 1 37
33 1 1
34 1 33
35 1 30
38 1 39
39 1 28
40 1 30
41 1 30
42 1 5

