40 16
20 12 8 3 28 4 22 2 14 18 12 32 31 37
7 2 30 1
24 30 18 29 17 8 28 19 36 21 23 37 25 39 30 1 10 14 11 6 40 31 34 9 2 12 15 38 4 27 35 26
8 25 37 21 3 26 35 6 25 31 14 15 33 34 36 32 12 23 17 39 4 11 13 30 9 40 10
34 20 22 2 17 21 5 37 6 1 30 35 25 18 15 27 9 38 23 13 4 14
11 8 30 25 29 39 5 26 18 33
32 11 33 13 10 17 27 23 21 28 1 18 2
23 19 14 27 15 40 17 1 12 37 33 21 29 16 35 4 30 26 10 5 36
27 18 16 5 12 28 21 1 10 25 38 19 13 22 18 36 3 4 37 31
25 18 15 21 30 9 12 1 16 5 33 28 6 36 14 18 4 17 39 10
33 23 16 14 9 37 12 36 19 18 10 38 2 3 29 21 35 1 5 30 40 17 28 13 6
38 5 2 19 1 4 35
10 4 37 12 1 3
17 14 16 18 4 5 19 12 28 6 36 21 15 26 35 22
39 13 37 3 2 12 4 13 35 31 9 29 36 21 1
18 3 37 12 13

75 60
25 69 71 23 72 11 2 21 40 27 45 28 54 46 33 26 3 67 5 62 50 74 66 15 14 16 29 56 38 32 19 65 10 64 60 73 43 41 30 34 18 47 48 52 58 9 51 12 17 57 55 36 59 70 49 44 75 68 7 20 37 69 63 24 22 35 39 4 6 61 13
15 28 61 55 34 60 18 28 12 59 65 39 30 13 68 67 72 70 20 58 71 43 22 49 37 17 41 36 3 46
39 23 74 28 50 40 55 13 24 61 68 27 41 73 12 36 59 66 34 63 17 71 5 57 8
59 43 54 22 44 29 26 18 68 57 7 19 32 37 45 1 2 42 13 55 48 36 61 8 17 75 71 23 73 16 51 24 10 20 64 3 14 5 43 62 49 74 34 40 9
14 9 31 11 17 6 26 2 68 19 65
68 16 66 45 54 58 49 21 74 53 19 9 69 33 37 2 23 38
32 15 54 73 56 65 75 34 42 23 63 67 3 18 1 43 16
53 21 23 48 61 24 71 58 45 55 34 33 16 51 38 4 29 46 5 13 20 40 35
58 34 22 54 35 1 12 70 21 10 72 24 34 52 17 49 75 30 64 50 19 55 4 56 33 46 67 38 40 61 43 51 37 65 7 5
54 38 30 51 37 64 10 18 12 65 52 47 75 22 31 38 40 29 23 56 72 33 27 62 17 48 11 34 21 24 70 36 46 6 49 3 55 41 19 60
34 10 50 56 40 44 73 20 46 42 72 17
40 17 1 71 20 36 42 9 33 21 61 73 46 8 72 49 45 23 4
43 21 45 61 10 42 16 35 22 67 30 24 73 57 11 17 36 6 62 4 31 44 41
17 15 56 3 24 67 44 31 16 42 75 13 47 1 70 36 50
33 10 38 73 67 8 71 11 62 60 31 18
75 49 64 5 30 35 4 7 42 36 10 57 65 6 72 52 51 11 73 28 63 31 66 37 1 21 13 12 8 3 62 26 56 27 60 16 19 29 71 55 61 74 24 23 48 22 18 46 38 44 20
37 29 47 31 1 70 41 63 16 46 45 52 61 60 30 27 18 55 48 9 10 57 6 23 21 36 22 35 50 44 72
3 34 62 22 10 71 5 65 73 47 13 66 55 74 63 6 46 26 19 52 24 20 48 72 67 27 31 28 1 2 41 64 45 16 69 61
71 35 13 35 50 1 47 46 44 19 61 4 21 42 27 10 70 5 29 56 73 72 12 64 31 11 52 7 30 60 38 8 18 24 66 36 63
29 20 35 74 22 56 21 45 48 2 55 38 46 61 73 66 65 26 36 6 11 13
12 8 6 67 13 4 61 44 21 11
45 40 35 2 66 1 74 65 10 73 46 27 22 61 67 55 8 11 7 5 57 13 9 4 36 26 44 49 60 69 52 48 21 62 20 24 72 70 64 63 23 30
2 52 7 26 69 21 55 16 63 52 73 5 57 4 51 66 50 20 65 30 13 38 41 31 47 28 9 67 24 56 74 35 11 23 62 60 72 36 70 8 44 22 19 46 10 42 18 6 49 27 1 61 48 64
26 23 51 72 31 7 19 35 1 5 44 55 23 46 28 48 62 65 21 6 27 61 36 69 11
21 49 42 19 69 30 67 27 72 44 18 52 57 47 74 13 9 35 66 62 61 4 24 48 5 20 49 22 23 8 38 56 10 41 46 1 7 36 65 51 63 55 6 28 64 16 60 73 31 50 11
52 13 5 30 41 70 60 10 7 62 63 74 16 44 65
22 25 65 47 72 18 36 11 19 70 73 1 8 10 69 64 51 63 30 5 67 55 61 50 46 7 23
50 2 38 66
70 23 30 8 19 35 57 20 51 64 46 4 66 10 6 16 13 42 28 1 24 44 65 62 27
62 39 74 67 1 41 4 44 23 9 46 64 28 38 18 57 63 36 31 49 5 55 48 56 19 13 16 69 61 6 7 65 30 51 27 8 60 24 47 66 11
47 23 10 31 6 27 74 49 7 13 73 20 48 28 11 65 44 8 9 42 60 57 64 1 56
69 14 67 8 65 10 55 16 42 5 7 6 72 66 41 56
66 25 36 5 28 27 38 57 4 6 44 11 20 31 72 16 35 60 56 19 9 24 55 13 48 10 23
38 41 73 19 20 63 6 23 1 18 8 49 13 74 5 57 36 16 55 41 35 31 42 72 10 67 27 65 60 11 24 4 64 7 9 28 30 48 46 61 56 44 51
6 29 36 74 72 51 48 73 20 63 7 60 57 49 56 41 10 28 30 18 42 1 23 24 11 31 5 46 67 27 16
19 13 16 63 48 18 74 55 5 35 46 27 41 36 7
44 18 31 60 48 24 4 5 20 30 74 18 49 23 35 9 8 61 72 46
41 31 42 67 20 51 30 36 61 73 46 5 56 48 11 64 31 13 24 10 27 49 1 60 8 23 35 72 57 74 16 63 18
51 24 74 42 67 18 8 65 28 7 49 63 31 13 1 48 72 46 5 11 27 55 56 23 73 61
56 14 18 46 49 4 57 10 20 65 55 11 74 31 30 9
57 31 49 18 31 8 65 13 11 28 1 61 5 24 42 74 63 16 9 36 20 64 46 55 73 23 10 27 48 67 7 72 30
67 19 49 7 65 20 16 60 35 13 8 18 64 27 30 24 72 10 11 36 48
10 31 49 23 18 20 8 7 16 28 13 73 60 1 9 48 4 31 11 63 30 74 65 61 36 35 24 42 64 46 72 55 5
49 26 5 63 23 36 18 30 24 7 20 46 13 27 65 55 8 1 9 61 35 31 11 4 73 42 64 72
16 12 30 42 72 31 46 9 61 35 18 74 55 20
7 7 48 61 42 35 36 73 30
13 8 31 35 48 65 20 46 8 64
24 2 74 20
42 26 11 63 55 60 28 74 27 30 64 4 36 73 48 35 1 31 20 5 72 8 18 9 65 61 46 23
28 6 46 65 9 48 1 20
48 1 18
4 3 73 9 1
74 2 36 55
8 1 55
1 14 31 27 63 11 60 65 5 73 46 9 64 61 72 23
61 5 73 35 55 72 11
20 18 35 30 18 11 73 65 9 72 5 23 46 63 27 36 31 60 55 64
64 2 23 27
9 15 72 18 30 31 11 23 65 5 35 36 46 27 60 73 63
31 13 23 27 63 46 18 55 35 36 5 65 73 30 60

85 33
3 14 54 10 81 30 64 26 45 82 24 67 34 2 59 36
8 42 5 38 19 27 1 63 6 64 61 50 34 75 57 48 22 24 49 2 4 71 53 30 17 54 25 56 11 66 42 79 72 85 7 67 51 62 26 43 35 33 84 52
9 40 79 33 25 72 67 62 34 85 35 57 54 2 21 23 82 26 37 39 56 36 30 40 53 17 6 31 78 69 45 48 7 52 61 81 42 66 22 84 11 44
12 4 39 25 26 78
13 26 24 39 21 84 52 54 26 37 85 22 31 49 11 25 53 27 17 66 38 67 79 40 78 23 51 71
14 57 53 37 60 59 43 7 31 27 46 33 19 6 42 44 62 10 2 65 55 80 47 25 85 11 9 1 49 5 81 67 40 50 32 54 30 8 20 24 78 61 57 12 64 36 4 84 13 38 79 69 76 45 71 28 3 17 63
15 12 62 72 59 61 78 69 6 51 34 54 11 75
16 28 32 37 3 19 85 30 24 44 22 15 84 29 6 42 47 36 43 28 9 38 69 10 8 67 45 11 57 48
18 35 71 45 81 10 63 85 42 17 35 61 64 27 30 53 79 31 57 37 22 50 62 6 48 59 11 44 67 82 4 49 72 39 66 23 38
20 8 5 27 59 38 48 30 78 11
27 20 24 2 19 63 71 54 42 35 11 62 44 82 50 36 49 53 67 81 7 85
28 44 59 79 2 62 5 54 85 78 36 63 82 43 21 64 40 48 6 50 34 75 19 56 81 44 45 27 42 61 49 57 31 38 71 4 24 11 23 7 66 37 53 39 51 33
29 6 2 62 37 63 35 1
32 50 56 17 45 49 72 31 11 71 79 54 82 67 78 5 22 43 59 44 34 40 30 7 51 35 19 1 23 37 52 64 26 33 62 53 66 81 75 6 2 25 50 84 85 57 42 4 63 39 61 38
34 43 67 5 50 17 6 2 81 54 25 30 22 36 35 64 1 66 53 19 85 59 48 39 63 38 10 49 52 62 61 11 56 21 31 78 37 82 24 84 7 4 79 40 33
41 53 23 66 5 17 82 42 63 72 44 57 75 35 67 40 62 51 69 49 11 36 31 81 56 61 45 71 24 64 79 7 6 21 43 39 19 50 78 85 30 26 4 34 22 48 37 84 38 2 25 27 54 10 1
46 14 63 56 49 64 81 30 78 85 62 2 43 51 66 24
47 57 43 53 38 62 51 33 21 11 22 40 35 61 6 49 4 79 84 66 23 37 67 71 42 78 54 82 1 56 27 26 48 10 17 19 63 72 69 52 64 24 59 44 7 85 45 34 57 75 81 5 39 2 31 30 50 25 36
51 9 54 61 69 84 38 50 19 1 33
55 8 30 78 56 66 7 67 49 62
57 22 24 59 53 31 4 39 38 56 11 61 6 22 21 85 66 52 82 48 33 63 69 45
58 4 5 53 25 31
60 44 36 39 19 25 6 27 57 40 38 30 52 7 24 61 78 49 63 22 34 51 50 45 62 26 1 67 71 72 56 2 42 35 33 59 79 21 64 43 4 53 81 10 31 17
65 31 7 35 37 52 85 62 24 82 33 23 19 49 36 66 69 4 57 10 6 81 54 72 27 38 79 31 22 63 21 26 78
68 46 53 54 38 22 44 5 51 43 59 67 66 19 42 31 30 11 23 61 81 56 10 35 78 2 25 63 85 52 39 64 49 24 34 37 82 1 75 36 4 17 69 7 48 27 62 57
70 4 71 43 69 57
73 5 49 36 59 72 40
74 41 5 9 49 36 18 54 21 15 4 50 68 6 34 83 60 37 53 20 52 81 32 71 28 77 73 40 51 27 12 62 45 19 55 80 75 42 66 57 67 29 35
75 48 30 71 2 21 22 40 6 45 53 39 48 43 33 5 79 63 50 62 38 64 26 85 78 81 36 35 54 24 19 25 23 84 31 4 1 17 66 61 69 10 42 11 37 82 67 49 72 44
76 42 31 26 59 49 6 33 40 54 19 82 50 30 35 84 11 79 81 53 1 75 43 85 37 69 38 17 39 57 36 72 45 4 64 34 23 2 56 48 25 67 71 5
77 18 52 82 8 53 44 18 84 12 83 31 66 33 4 10 78 57 43 62
80 10 42 54 34 35 1 79 31 40 7 72
83 53 25 6 33 22 19 67 4 30 48 1 7 11 72 37 51 38 39 10 36 84 42 71 81 49 59 2 52 50 66 79 63 44 78 26 23 24 57 82 34 21 40 54 61 45 75 43 5 31 64 62 56 17 69

81 54
2 8 29 4 64 63 50 32 21 12
5 42 33 78 30 81 42 25 61 65 31 1 34 56 69 15 29 63 64 71 4 77 18 59 23 35 68 2 7 21 22 50 43 37 17 47 32 66 27 9 79 3 45 48
6 12 29 56 71 69 64 36 52 58 70 25 12 1
8 43 22 14 7 31 3 2 52 27 24 4 54 58 18 9 25 23 47 71 15 81 64 32 69 30 70 78 68 59 77 66 12 45 21 65 1 35 50 63 29 79 36 34 56
10 26 50 47 22 74 43 9 56 42 79 33 68 70 24 12 52 66 61 54 32 63 31 23 64 1 15 14
11 3 61 50 77
13 23 30 34 7 52 74 32 15 66 48 64 3 17 81 65 69 61 78 63 24 56 31 42 37
14 14 78 66 12 4 32 77 29 50 64 34 7 21 23 79
15 19 63 48 66 12 21 54 32 7 1 78 77 50 65 64 23 3 29 9 79
16 7 63 45 68 24 35 42 50
17 9 54 29 63 66 69 9 3 64 27
18 12 65 64 21 1 7 33 27 9 45 69 29 66
19 2 24 17
20 30 18 3 66 32 7 65 70 47 23 35 59 29 54 52 22 14 2 81 45 64 50 77 12 63 15 1 30 48 74 24
22 23 25 33 43 42 31 3 18 45 9 15 70 1 29 66 7 71 35 79 4 52 77 56 64
24 24 9 3 65 54 43 15 17 50 78 79 31 81 68 23 61 30 42 37 48 63 32 25 70 29
25 3 50 7 45
26 8 21 68 32 9 18 3 58 22
28 14 71 78 17 27 35 68 1 54 25 45 15 21 2 65
30 3 4 50 32
31 18 4 66 7 50 54 1 68 63 79 12 65 45 32 21 9 3 29 23
35 4 29 32 70 4
36 14 65 21 27 34 23 66 48 64 54 4 3 12 77 29
37 13 79 23 54 66 29 27 7 32 12 33 77 78 48
38 27 33 36 52 81 71 4 48 50 34 31 77 2 27 69 74 42 35 61 68 29 47 23 64 18 9 14 65
39 13 63 17 36 2 42 37 27 22 47 66 14 1 81
40 31 59 27 78 54 36 47 45 43 4 21 69 14 63 71 77 70 64 24 66 3 2 25 48 22 56 42 23 32 7 61 37
41 6 79 70 69 2 29 50
42 16 4 27 50 48 54 34 78 1 65 3 32 33 68 63 64 66
43 26 7 48 33 66 45 50 64 29 77 9 69 27 70 23 63 21 79 32 34 54 78 12 4 65 68 1
44 26 68 29 27 18 30 71 9 3 37 77 63 7 70 61 50 36 47 33 65 31 64 23 81 45 58 17
46 40 64 50 9 42 61 18 52 81 79 48 65 24 47 59 27 78 1 2 43 68 22 34 25 4 32 74 77 29 66 33 30 14 15 56 70 31 36 69 7 37
47 6 34 63 23 66 27 7
49 43 9 69 21 25 36 45 79 59 52 54 61 50 1 15 3 35 33 4 18 63 81 65 74 14 56 77 64 22 2 70 78 42 30 58 47 37 68 43 48 31 7 24 17
51 37 64 33 21 14 37 15 61 22 74 30 9 59 71 58 4 31 43 2 56 32 78 48 47 69 36 17 68 34 45 65 63 52 70 66 50 1 77
52 22 65 64 12 63 68 45 1 21 69 54 29 79 70 27 4 34 33 78 48 23 77 50
53 42 24 64 21 71 12 32 34 66 1 70 23 78 52 27 68 50 69 77 2 37 54 47 30 36 58 35 22 81 29 25 65 4 45 74 31 43 15 17 61 7 48 18
55 31 34 45 56 22 74 77 32 14 79 68 15 12 25 43 2 27 30 42 58 36 31 81 64 29 71 63 65 7 21 48 78
56 17 4 48 9 12 64 77 21 65 23 50 3 63 54 70 33 66 32
57 44 58 70 45 36 79 14 43 30 1 25 56 29 24 52 68 3 66 7 42 81 74 21 54 63 71 9 34 37 17 4 31 47 33 69 64 61 32 48 18 12 59 23 77 27
58 36 43 47 79 66 52 27 71 2 9 1 77 31 50 78 36 61 25 3 48 23 22 59 35 4 63 42 65 33 56 32 7 15 14 17 12 74
59 10 4 65 63 79 68 64 54 29 69 27
60 40 61 79 24 3 58 54 65 32 64 36 37 21 15 27 74 31 77 22 50 14 68 56 25 29 4 48 18 71 69 43 63 30 7 59 42 47 34 66 52 78
61 4 33 48 32 63
62 20 52 68 48 2 23 9 12 54 69 32 34 81 15 66 65 50 47 7 77 22
67 18 14 23 78 63 54 37 79 32 74 30 17 12 81 27 34 2 29 31
71 17 3 63 68 4 45 21 34 79 33 64 48 70 9 50 69 65 54
72 9 2 54 63 64 58 29 61 14 31
73 23 12 77 4 65 66 9 17 24 69 2 45 14 61 31 79 36 59 56 23 21 50 52 47
74 43 1 65 27 77 81 23 30 54 66 4 2 64 78 59 42 21 17 31 68 50 33 63 3 71 18 9 34 35 15 25 56 32 47 48 45 37 36 43 79 7 29 70 69
75 40 70 78 22 9 23 36 45 4 52 59 43 65 47 27 68 48 71 3 14 58 79 54 12 74 50 42 1 35 29 31 63 25 66 81 18 37 15 77 61 56
76 31 25 35 29 30 8 14 39 62 43 15 20 32 47 53 41 71 70 52 19 64 67 56 45 10 13 54 26 65 18 44 78
80 42 51 66 48 15 43 70 5 78 38 2 71 55 19 26 21 33 39 35 47 56 31 45 63 54 68 58 44 18 34 62 59 50 7 9 49 20 64 73 37 65 10 28
81 17 29 27 21 3 48 70 64 66 65 68 54 7 34 79 12 1 32

38 10
3 1 32
6 18 5 29 38 24 22 28 4 9 34 27 10 33 7 14 26 3 19 37
13 8 20 8 9 17 32 4 2 29
15 27 38 6 3 26 8 16 35 24 12 20 1 5 19 28 33 31 4 18 13 27 7 22 25 14 29 17 34
16 18 10 17 3 9 26 14 12 24 1 30 27 25 37 32 22 7 38 19
18 15 36 8 26 38 3 12 14 1 29 32 7 28 27 25 19
21 12 37 2 24 11 27 17 19 1 14 4 25 22
23 16 22 11 35 19 17 9 27 32 24 38 5 20 2 37 3 4
24 20 10 27 22 2 4 37 17 30 28 7 14 8 11 1 9 33 34 38 5 36
31 29 2 3 32 20 7 22 29 25 4 8 27 14 38 34 37 1 24 28 12 35 33 10 9 36 26 19 11 5 30

94 47
1 8 68 42 53 6 28 91 32 35
2 5 41 49 53 11 54
3 2 16 56
4 2 44 35
5 8 92 91 73 60 19 68 64 33
6 9 62 53 7 24 31 51 41 66 21
7 3 45 40 19
8 8 10 73 22 67 49 81 92 80
9 1 58
10 6 12 64 70 32 79 56
11 5 33 72 36 20 61
12 8 83 55 92 88 33 25 93 48
13 5 19 70 79 36 53
14 8 26 63 44 52 46 76 25 55
15 9 71 56 87 66 63 28 76 93 38
16 9 44 82 89 58 84 51 78 30 79
17 2 54 53
18 4 62 22 81 69
19 5 70 49 62 45 35
20 4 24 90 36 42
21 8 88 56 46 91 48 35 36 28
22 2 90 85
23 9 73 34 52 26 50 90 53 59 41
24 3 80 89 50
25 4 46 74 72 42
26 3 43 54 76
27 7 76 53 56 78 29 93 66
28 7 91 67 45 80 54 94 40
29 5 45 47 91 60 79
30 7 55 60 89 67 51 72 75
31 9 78 87 50 88 76 40 90 75 33
32 8 83 92 43 59 65 35 38 73
33 9 39 85 68 36 45 54 82 55 52
34 3 55 62 86
35 4 72 45 52 74
36 8 81 86 73 56 85 80 43 58
37 8 38 85 80 93 84 90 51 44
38 3 91 85 45
39 2 61 94
40 3 79 89 65
41 2 90 54
42 5 84 67 53 91 88
43 5 83 74 84 52 61
44 3 88 82 90
45 5 58 67 84 63 88
46 1 81
47 5 79 82 88 93 71

45 33
2 9 41 21 32 38 18 44 36 24 20
3 7 24 32 34 35 9 13 10
4 9 11 17 45 30 10 36 16 42 25
5 2 15 33
6 9 11 31 44 10 9 7 37 40 12
7 5 12 43 45 29 41
8 8 42 38 22 33 21 16 11 41
9 3 44 19 43
10 9 40 44 25 27 19 41 36 13 20
11 2 27 37
12 2 32 29
13 8 45 38 29 17 16 41 40 31
14 7 38 35 41 20 44 39 23
15 5 26 34 20 35 39
16 6 39 17 44 35 20 31
17 5 26 19 34 38 28
18 8 19 21 25 29 40 35 28 42
19 6 34 25 40 26 23 33
20 5 27 42 35 38 30
21 1 27
22 5 25 24 41 30 26
23 2 41 39
24 2 34 25
25 7 31 34 37 29 35 32 33
26 2 38 29
27 6 29 36 28 30 42 31
28 7 41 30 32 35 43 37 29
29 8 35 34 39 44 41 37 38 33
30 1 44
31 1 37
32 4 38 34 43 33
33 2 34 37
34 4 35 40 42 43

46 45
40 4 26 9 29 24
2 13 25 4 17 5 41 24 40 46 18 14 12 15 10
24 2 3 12
13 4 40 4 24 26
31 2 3 29
6 14 5 10 44 13 3 30 24 40 34 37 31 46 21 12
18 8 26 4 12 24 9 40 13 29
10 9 44 31 3 29 25 9 18 12 40
9 1 29
46 7 13 31 40 4 29 25 24
43 19 28 18 27 23 45 9 2 4 7 25 35 13 5 17 8 14 19 33 46
17 10 13 29 44 41 12 37 31 14 26 10
37 4 18 40 9 31
23 18 3 44 15 24 10 39 34 1 40 19 37 20 17 7 5 31 33 21
16 16 7 5 27 28 8 10 26 11 39 13 37 18 25 14 45 17
19 12 13 20 37 12 1 5 40 46 2 29 25 45
29 1 3
25 5 9 26 24 29 13
27 20 9 19 15 1 4 2 41 14 31 45 12 33 40 26 17 24 44 23 37 18
26 3 3 9 29
15 9 10 3 37 25 9 41 44 29 5
39 13 10 9 41 2 15 13 18 46 21 44 25 4 14
22 24 4 40 5 24 28 3 32 11 31 30 7 34 45 15 10 21 13 2 46 26 37 35 39 14
5 6 40 31 26 9 4 12
45 10 12 18 10 8 3 41 25 29 15 39
33 17 26 20 41 46 40 21 15 10 2 39 3 34 37 30 9 18 6
7 10 9 13 40 39 41 24 46 5 20 26
14 10 5 9 4 26 31 25 13 18 46 41
30 14 26 8 12 15 31 5 4 17 37 9 21 46 29 41
34 14 30 13 29 5 15 26 46 12 25 14 9 24 4 8
12 2 3 29
1 11 34 21 39 29 8 13 9 20 4 26 3
21 11 44 5 8 41 9 4 25 2 12 40 15
35 15 21 7 4 26 24 13 40 44 39 3 34 6 20 17 8
28 19 36 5 26 1 13 19 17 4 3 33 20 8 37 7 15 24 9 35 25
8 16 37 10 15 44 46 26 24 9 18 14 29 3 12 17 4 41
41 9 18 5 9 29 24 13 4 25 31
38 23 37 45 29 5 26 27 36 28 9 39 3 32 20 11 43 18 7 4 21 19 44 12 15
32 23 5 6 35 16 31 42 34 11 15 17 33 7 28 14 36 29 41 19 43 40 13 4 8
4 5 29 40 3 24 12
42 17 15 27 17 33 37 43 24 2 46 19 20 6 28 30 25 9 41
44 7 25 24 31 29 4 46 9
20 13 5 44 4 10 26 46 13 40 39 15 2 41 9
11 16 18 23 46 34 41 4 40 20 19 17 27 21 2 7 35 6
36 17 15 24 7 25 12 6 1 10 3 30 14 29 40 13 2 8 18

43 41
6 17 37 35 19 25 33 18 13 30 41 1 12 15 3 39 31 20 32
33 4 27 35 28 14
39 9 33 35 14 19 12 32 10 3 15
36 7 10 11 27 33 8 28 14
5 21 27 41 23 25 33 1 10 42 2 28 8 16 36 39 38 34 17 37 26 29 30
41 11 43 22 39 14 28 11 42 17 20 15 8
26 18 9 17 39 12 35 41 10 34 8 36 31 16 38 14 30 28 15 19
32 9 42 3 8 36 20 25 14 15 33
37 3 28 42 11
24 19 38 26 15 12 10 13 25 43 20 14 39 2 11 41 32 1 35 7 4
29 15 42 25 17 14 11 22 16 27 3 12 43 10 41 15 20
21 15 4 3 23 25 31 11 1 38 14 33 40 8 18 39 27
25 8 11 14 12 28 36 10 27 35
16 13 8 19 12 42 20 3 15 33 36 11 14 37 10
34 15 12 31 33 8 43 29 22 42 14 35 27 20 36 19 9
3 5 35 11 28 36 15
30 16 4 11 16 14 35 37 12 36 25 1 42 38 15 39 41 22
15 4 35 11 27 28
11 2 35 27
17 11 8 15 4 10 25 3 14 35 37 36 27
31 12 25 15 35 28 36 37 27 22 43 17 16 12
23 14 29 25 37 31 17 38 36 19 10 33 42 41 1 3
4 6 32 35 15 37 19 11
13 22 32 10 3 42 8 20 25 9 4 35 1 18 43 39 28 23 36 16 27 26 19 37
42 6 3 10 35 27 14 11
8 4 33 28 11 27
22 11 15 11 27 8 37 4 14 16 10 25 28
9 17 35 43 19 27 10 3 32 42 12 25 37 8 31 15 16 17 33
20 7 10 36 11 8 15 27 35
10 4 27 11 14 35
40 20 4 42 31 30 14 34 29 15 19 17 41 12 33 22 38 23 32 13 39 37
12 4 42 3 8 36
14 3 28 11 27
7 15 42 40 17 32 4 31 34 36 26 1 8 15 13 18 3
38 17 19 28 41 36 11 20 12 29 22 14 42 34 16 27 39 9 31
35 2 28 27
43 9 27 19 36 20 14 8 32 25 3
18 21 8 23 29 3 20 33 34 39 4 37 28 10 43 12 17 22 27 25 14 42 15
19 10 27 36 15 12 14 33 10 42 8 35
1 18 12 8 22 16 36 15 42 20 19 14 4 39 3 17 10 32 35 43
2 19 42 40 31 36 23 9 30 26 39 18 6 21 37 14 28 41 33 10 38

100 99
1 1 2
2 1 3
3 1 4
4 1 5
5 1 6
6 1 7
7 1 8
8 1 9
9 1 10
10 1 11
11 1 12
12 1 13
13 1 14
14 1 15
15 1 16
16 1 17
17 1 18
18 1 19
19 1 20
20 1 21
21 1 22
22 1 23
23 1 24
24 1 25
25 1 26
26 1 27
27 1 28
28 1 29
29 1 30
30 1 31
31 1 32
32 1 33
33 1 34
34 1 35
35 1 36
36 1 37
37 1 38
38 1 39
39 1 40
40 1 41
41 1 42
42 1 43
43 1 44
44 1 45
45 1 46
46 1 47
47 1 48
48 1 49
49 1 50
50 1 51
51 1 52
52 1 53
53 1 54
54 1 55
55 1 56
56 1 57
57 1 58
58 1 59
59 1 60
60 1 61
61 1 62
62 1 63
63 1 64
64 1 65
65 1 66
66 1 67
67 1 68
68 1 69
69 1 70
70 1 71
71 1 72
72 1 73
73 1 74
74 1 75
75 1 76
76 1 77
77 1 78
78 1 79
79 1 80
80 1 81
81 1 82
82 1 83
83 1 84
84 1 85
85 1 86
86 1 87
87 1 88
88 1 89
89 1 90
90 1 91
91 1 92
92 1 93
93 1 94
94 1 95
95 1 96
96 1 97
97 1 98
98 1 99
99 1 100

26 25
13 16 11 3 25 5 4 16 22 17 15 12 19 26 14 21 9 1
9 11 25 4 20 2 15 12 7 23 10 19 26
22 2 11 8
14 13 3 5 4 16 8 17 12 7 18 23 10 19 26
12 5 11 25 16 22 17
15 5 3 25 5 8 22
20 7 3 25 4 16 8 22 17
3 1 11
10 14 3 25 5 4 16 8 22 17 20 2 15 18 23 6
17 5 25 5 16 8 22
2 3 11 25 22
16 2 11 4
4 2 11 5
1 15 3 16 8 17 20 15 12 7 18 23 6 10 19 14 21
23 9 3 25 5 16 8 22 20 15 18
26 8 11 25 4 8 7 18 23 6
8 5 11 3 25 4 16
6 8 5 4 16 8 20 2 15 12
24 12 11 3 5 8 22 17 2 7 18 23 19 1
25 1 3
19 11 11 25 5 4 8 20 15 12 23 6 10
5 1 11
18 6 11 4 16 8 2 12
21 12 11 3 5 4 16 22 20 15 12 23 6 26
7 9 11 25 5 4 16 8 22 20 12

28 27
5 6 1 24 17 2 25 23
24 1 1
10 11 12 19 17 8 2 5 3 9 14 22 20
27 18 1 24 12 18 19 8 25 5 21 15 9 6 22 20 28 10 13 4
17 1 18
18 2 1 12
3 6 18 19 17 8 2 5
9 10 24 12 18 17 7 2 25 21 15 11
15 11 1 24 12 18 19 17 8 2 5 21 3
4 16 1 24 17 8 25 23 5 3 15 9 6 14 22 28 10 13
21 7 24 12 18 8 2 23 5
7 1 1
25 5 1 18 19 7 8
14 11 1 24 19 17 7 8 2 23 5 11 9
16 14 1 24 18 19 17 23 15 11 9 14 22 20 13 27
26 15 24 12 17 2 23 5 21 3 9 6 22 20 13 4 27
2 4 24 18 17 7
6 10 1 18 19 17 23 21 3 15 11 9
20 15 24 12 19 7 25 23 5 21 3 15 11 9 6 14 22
11 7 12 19 17 7 23 5 15
19 1 12
28 13 24 12 18 19 2 25 23 5 15 11 6 14 22
23 8 1 12 18 19 7 8 2 25
13 15 24 12 7 8 2 25 23 21 15 9 14 22 20 28 10
8 3 24 12 19
12 2 1 24
22 11 18 19 17 7 8 25 23 5 21 15 9
                                                         
24 22
4 10 24 13 10 8 2 14 17 6 23 5
20 15 24 21 9 19 8 11 22 17 6 23 18 5 4 12 7
11 5 24 13 10 21 19
3 14 24 10 19 8 11 2 14 22 6 23 18 16 5 12
12 14 24 13 9 19 8 11 2 14 22 17 23 18 16 5
9 3 24 13 10
1 11 10 21 19 14 22 6 18 16 5 4 15
15 13 24 13 10 21 9 19 11 2 17 6 23 18 4
23 9 13 21 19 8 11 2 22 17 6
22 5 13 10 19 11 2
7 12 24 21 19 8 11 14 17 23 5 15 12 1
19 4 13 10 21 9
16 8 24 13 9 11 2 22 17 23
17 6 24 21 9 19 8 22
14 5 24 13 10 19 8
8 4 24 13 10 19
13 1 24
6 10 24 13 10 21 9 19 8 11 14 22
18 10 24 10 9 19 8 11 2 22 17 6
2 3 13 10 19
5 9 24 13 9 8 2 14 22 6 23
21 1 24

94 79
2 1 1
3 2 2 1
4 3 1 2 3
5 4 1 4 3 2
6 2 1 2
7 5 2 5 4 6 1
8 1 1
9 8 8 2 5 1 3 6 4 7
10 2 6 3
11 5 10 8 3 5 7
12 9 5 6 8 4 11 1 9 10 2
13 6 5 2 11 6 8 12
14 9 9 12 13 6 4 10 3 7 2
15 14 8 7 3 11 6 2 13 5 10 4 14 12 1 9
16 10 3 2 12 8 6 15 11 9 7 13
17 16 3 13 16 7 10 8 11 1 5 4 15 14 12 6 2 9
18 14 7 14 17 8 12 2 6 15 5 13 3 16 1 10
19 7 1 16 9 8 4 6 17
20 14 12 8 1 15 11 18 14 10 19 2 17 4 7 6
21 10 9 5 18 15 2 12 3 10 17 20
22 18 7 2 17 18 20 21 11 5 3 6 19 10 9 14 15 8 1 16
23 1 14
24 1 12
25 18 6 10 5 18 8 20 16 9 21 7 23 13 4 19 3 17 11 15
26 10 14 22 17 8 24 7 3 4 25 20
27 12 5 6 4 17 10 3 25 19 18 7 2 15
28 21 3 20 13 18 5 22 6 12 23 27 11 17 16 2 19 1 25 15 21 4 7
29 28 14 22 27 25 2 7 26 4 6 12 9 3 20 23 10 21 18 16 1 19 17 13 5 11 8 24 28 15
30 26 25 1 9 13 20 4 10 15 18 3 22 6 7 26 24 27 17 19 21 2 16 29 8 11 23 5
31 28 13 18 27 14 1 9 20 3 29 26 12 15 30 7 28 25 21 17 6 23 2 4 24 19 10 22 16 5
32 11 20 21 22 9 17 2 5 8 16 7 13
33 13 2 12 20 15 3 17 14 16 13 10 23 24 28
34 26 9 11 28 32 3 10 19 5 6 29 7 12 27 1 25 13 20 4 22 33 14 16 18 8 24 17
35 3 26 15 2
36 6 15 5 28 8 24 22
37 23 35 23 33 24 12 34 8 25 27 10 6 26 36 13 11 1 21 14 3 19 7 30 32
38 9 25 31 26 20 8 34 33 15 18
39 31 26 19 1 35 4 6 12 7 16 30 5 20 33 14 17 9 27 24 31 15 10 8 11 34 3 21 25 37 28 32 18
40 19 32 24 4 2 28 38 3 13 33 22 12 6 29 17 8 36 15 9 14
41 3 15 6 20
42 13 18 38 34 36 23 35 20 30 17 2 5 31 14
43 25 3 40 18 9 5 38 7 12 14 22 8 2 28 30 23 10 33 41 1 20 27 31 11 32 26
44 42 30 20 25 4 5 32 7 31 43 19 9 27 8 37 12 40 35 34 6 39 10 42 23 18 36 13 26 1 22 2 29 3 33 17 38 41 14 24 16 21 15 28
45 28 35 43 25 20 21 42 14 41 44 16 12 1 18 29 39 19 15 38 22 4 32 11 9 13 2 30 24 8
46 30 42 7 28 17 31 35 10 1 40 43 3 27 6 26 18 24 25 34 37 8 30 29 39 36 19 33 45 11 20 21
47 38 35 14 27 4 32 18 44 20 12 41 25 11 10 3 17 26 46 13 9 15 43 23 2 21 45 34 28 36 33 29 30 5 1 24 16 40 8 19
48 22 29 45 33 4 44 2 25 43 9 3 34 32 13 11 7 27 18 37 42 28 47 14
49 48 38 37 14 33 40 39 17 9 42 45 28 8 30 18 12 44 19 2 7 20 43 13 41 26 5 47 27 3 25 21 24 31 11 46 35 32 16 6 22 1 10 29 36 48 15 23 34 4
50 45 39 27 5 10 23 31 46 8 18 25 20 21 48 3 9 7 15 30 38 29 2 43 13 6 36 47 14 28 44 4 33 11 1 16 17 34 32 49 24 40 12 42 35 22 45
51 5 34 32 24 8 9
52 23 1 23 21 36 14 3 8 15 18 44 33 41 49 31 27 24 2 11 45 37 32 5 46
53 51 34 25 24 43 14 50 46 21 26 33 51 16 36 23 11 44 5 9 28 37 19 45 38 52 8 18 47 27 42 7 13 35 41 30 39 3 10 12 4 32 15 20 1 49 40 2 17 6 29 48 22
54 47 42 50 33 34 5 53 32 43 1 51 21 20 15 16 49 45 6 40 23 19 22 35 17 7 14 36 38 44 13 31 52 9 18 12 26 8 47 39 24 41 2 29 25 27 11 3 46
55 22 41 42 4 11 5 48 14 49 46 2 17 36 52 28 32 38 1 39 45 53 19 15
56 25 16 2 18 45 55 5 44 31 34 19 15 48 20 47 14 11 3 26 6 4 10 30 46 23 8
57 39 27 32 18 8 48 2 14 5 44 6 11 37 39 25 46 22 1 15 13 41 47 34 40 54 53 52 33 36 10 21 3 24 4 9 7 35 17 19 45
58 31 9 21 47 3 16 37 53 23 15 12 7 49 22 8 56 31 36 28 19 48 10 43 20 55 30 26 32 39 45 42 51
59 39 7 31 12 20 41 38 51 28 9 25 4 22 45 5 47 2 44 14 42 55 21 27 16 26 56 49 29 18 40 23 48 8 33 50 17 24 15 46 19
60 32 59 28 55 33 41 40 50 57 8 36 26 10 51 54 5 23 19 25 2 4 18 29 27 58 24 52 56 48 3 9 44 38
61 59 3 10 40 9 34 36 26 52 22 19 59 16 33 44 50 57 24 55 23 4 42 15 43 47 20 5 29 51 39 2 58 38 31 6 18 7 11 28 56 35 60 46 1 8 12 13 21 37 54 49 48 25 53 17 27 14 41 30 32
62 46 11 34 24 1 52 19 58 13 37 14 33 15 61 36 28 35 7 21 2 38 27 12 26 47 31 3 17 43 49 57 39 56 23 6 9 16 46 22 8 41 48 20 54 53 45 44
63 29 37 25 39 59 38 48 62 4 31 14 23 44 7 18 26 22 46 41 50 54 11 27 56 5 61 49 9 12 30
64 8 51 10 45 29 44 31 3 32
65 9 56 32 5 30 54 3 6 7 11
66 39 58 7 6 57 40 14 32 4 8 45 52 64 65 27 19 23 2 28 36 46 63 62 29 42 31 21 11 48 37 47 18 9 56 43 50 22 60 59 54
67 2 61 1
68 6 54 64 61 7 18 41
69 66 13 45 56 54 24 42 67 34 3 32 8 9 36 14 16 6 51 18 2 46 52 17 11 55 23 64 27 4 41 22 57 40 15 5 38 60 58 20 31 62 28 7 48 26 47 35 44 10 68 12 59 61 19 30 53 21 63 1 43 29 25 33 65 39 49 50
70 31 44 68 4 40 21 7 37 23 64 9 1 39 65 28 17 10 55 46 22 57 58 51 3 43 6 60 53 62 63 36 67
71 63 1 10 22 46 31 50 70 53 29 5 40 39 6 60 61 13 14 12 49 11 36 51 43 3 68 62 55 48 63 47 19 25 17 27 18 59 15 30 58 57 67 37 56 69 28 34 42 4 21 32 66 64 33 38 35 26 8 41 52 9 7 54 65
72 21 68 37 47 20 30 67 41 60 43 13 36 40 44 26 32 15 27 8 56 34 54
73 36 55 33 56 35 2 17 1 42 22 69 12 45 71 16 25 62 61 11 65 51 43 66 9 59 21 4 44 72 37 68 49 28 57 39 26 60
74 20 65 29 37 35 7 57 54 28 67 9 43 17 41 39 56 5 62 30 50 61
75 30 53 44 6 46 45 52 35 27 63 1 58 55 17 73 60 36 71 37 5 51 48 10 25 19 31 7 12 23 67 54
76 61 16 50 10 74 45 55 40 30 6 53 44 46 8 18 21 19 24 39 75 32 49 37 2 57 1 67 28 38 11 52 70 29 66 7 35 3 41 31 73 25 15 43 48 65 47 27 17 26 4 9 54 61 42 22 34 62 13 69 14 36 33
77 52 15 14 12 31 50 69 62 76 71 41 58 49 65 45 75 46 3 39 38 22 1 23 7 32 70 73 56 57 48 13 64 30 63 10 59 72 18 6 19 42 21 68 51 52 36 43 5 47 37 35 9 25
78 68 12 62 69 51 60 39 72 29 50 77 18 26 54 7 27 71 65 37 14 17 11 5 33 45 35 58 61 2 56 68 75 13 52 28 76 8 34 74 73 41 22 15 4 31 44 43 25 64 48 16 46 21 40 47 3 38 24 59 36 30 66 49 20 67 10 6 1 23
79 65 23 4 35 50 32 62 17 16 3 77 21 57 2 31 7 55 64 67 8 25 78 42 33 20 27 73 45 61 24 52 76 49 10 26 47 68 70 65 22 29 12 1 40 69 34 46 58 5 74 54 43 14 19 9 60 28 48 63 75 15 30 44 11 72 66
80 43 43 46 74 10 25 64 29 66 48 52 33 4 3 38 69 32 56 44 73 78 63 40 22 62 67 59 37 71 24 75 1 17 8 72 60 15 6 12 5 20 9 2 53

49 48
14 1 37
9 2 14 37
7 3 37 9 14
46 4 14 9 37 7
38 5 9 14 46 7 37
1 6 14 37 38 46 7 9
3 7 37 1 7 38 14 46 9
45 8 46 3 37 9 7 1 38 14
5 9 46 14 9 45 7 38 1 37 3
28 10 14 38 46 1 3 5 45 7 9 37
6 11 28 14 38 7 5 45 3 1 9 37 46
33 12 6 45 46 37 5 3 1 14 7 38 9 28
29 13 5 1 45 37 14 7 38 28 6 3 9 46 33
23 14 37 1 9 46 28 3 6 45 38 29 5 33 14 7
17 15 9 38 33 45 29 28 1 14 7 46 6 3 23 5 37
40 16 33 37 17 6 29 28 23 14 1 38 7 3 9 46 45 5
13 17 40 28 23 5 6 1 38 3 37 45 33 29 17 7 14 9 46
31 18 38 23 14 45 28 33 5 7 37 40 1 29 13 3 6 46 17 9
2 19 13 9 6 23 14 40 45 5 38 37 1 46 31 17 28 29 33 7 3
26 20 2 37 38 6 23 31 5 14 33 3 29 7 13 40 46 1 9 28 17 45
47 21 13 5 7 40 38 33 28 9 37 46 31 45 3 29 2 17 26 1 23 6 14
48 22 40 29 2 9 45 28 7 5 38 31 13 37 17 1 3 26 47 6 14 33 23 46
35 23 2 37 9 3 48 38 23 6 45 40 14 47 5 46 26 13 1 31 29 7 28 33 17
12 24 37 48 40 23 28 6 5 26 9 14 46 3 38 47 13 1 17 31 35 2 7 33 29 45
41 25 28 31 46 1 2 37 38 47 35 29 5 13 45 26 9 12 17 23 33 14 3 7 48 6 40
49 26 12 37 48 46 14 45 13 33 41 9 40 35 31 5 17 28 1 47 7 29 23 26 6 2 38 3
32 27 17 26 13 37 3 46 47 12 6 49 48 45 2 31 5 9 29 40 1 7 38 23 28 14 41 33 35
39 28 5 33 40 9 13 26 48 46 23 45 28 31 12 6 14 37 41 7 29 35 3 17 1 38 2 47 32 49
34 29 47 39 38 29 48 46 26 9 14 13 33 35 23 31 6 1 37 45 7 17 28 3 12 32 2 40 5 41 49
15 30 6 41 46 45 48 2 37 49 34 31 14 39 33 47 40 32 38 35 7 29 17 28 23 1 3 12 9 5 13 26
36 31 9 39 12 45 31 32 1 3 17 41 2 5 7 28 48 46 15 23 47 37 49 29 35 6 33 40 34 26 14 38 13
27 32 28 47 26 29 45 2 35 31 40 9 17 38 14 3 37 15 1 6 39 46 5 49 34 13 23 12 41 36 48 7 32 33
42 33 27 9 3 41 26 23 39 33 1 38 29 40 47 12 37 35 32 31 45 14 17 6 34 36 15 46 48 28 2 13 5 7 49
43 34 15 27 28 6 12 47 33 45 49 34 9 41 42 14 46 40 36 31 3 13 35 38 37 23 7 5 17 32 29 1 26 2 48 39
21 35 14 27 26 13 38 45 7 47 43 33 34 29 3 12 2 42 5 36 17 40 49 46 41 9 23 48 31 37 39 15 28 1 32 6 35
22 36 36 2 3 9 28 48 45 5 41 39 26 21 43 31 33 6 49 40 1 35 23 32 42 14 38 7 15 46 47 27 29 13 34 12 37 17
4 37 26 48 2 41 29 5 3 31 45 1 6 38 12 7 32 40 36 42 33 34 17 9 21 43 15 37 22 39 35 49 13 23 28 14 47 46 27
18 38 37 49 17 36 15 32 35 43 34 29 9 48 7 41 1 31 5 23 2 26 46 4 6 13 22 27 21 40 33 39 28 42 12 45 38 3 14 47
24 39 4 26 21 32 38 18 1 43 22 47 37 14 45 7 28 39 29 34 49 2 12 27 35 48 40 42 23 41 33 31 36 5 46 9 13 17 15 3 6
16 40 47 45 15 38 17 9 32 49 35 3 21 28 5 1 31 18 43 41 29 12 13 42 48 6 7 40 14 46 27 4 33 24 34 39 22 23 37 26 36 2
30 41 31 28 33 37 7 38 40 43 27 35 22 36 24 49 15 2 48 21 23 46 41 4 17 26 5 34 6 42 3 9 47 29 45 13 1 32 12 14 39 18 16
11 42 39 21 45 7 22 33 15 41 4 46 17 27 42 48 47 24 3 23 43 49 29 2 12 30 36 32 28 38 34 1 13 6 40 16 18 5 31 14 9 37 35 26
20 43 45 14 9 39 40 5 18 1 37 43 36 11 13 35 46 22 47 3 6 38 31 32 21 15 41 4 16 26 28 48 2 49 7 12 42 30 34 17 23 24 29 27 33
44 44 2 11 43 29 30 41 15 40 4 1 36 16 39 42 34 32 28 7 18 21 47 27 37 22 6 38 26 14 3 33 31 49 20 48 12 46 24 35 5 13 23 45 9 17
8 45 39 32 42 26 6 38 46 4 21 36 3 33 14 29 18 41 49 40 47 16 31 15 13 34 7 43 9 1 30 24 35 22 48 2 23 45 28 11 37 17 44 27 20 5 12
10 46 29 4 46 47 30 44 12 28 18 33 38 26 21 40 24 11 34 23 8 15 37 31 9 5 13 6 20 1 35 27 2 7 41 39 17 22 42 36 49 16 3 45 43 48 32 14
25 47 12 13 47 34 37 48 29 16 42 3 22 21 17 49 45 35 15 31 38 8 24 39 10 20 30 11 23 26 28 6 5 32 2 40 7 4 18 43 27 36 14 44 46 1 9 33 41
19 48 2 37 3 40 6 9 32 33 45 30 34 47 8 17 7 22 13 42 35 39 4 1 29 20 18 15 23 5 12 46 49 41 43 38 21 31 16 10 14 27 24 28 25 48 44 11 36 26

100 97
1 1 2
2 1 3
3 1 4
4 1 5
5 1 6
6 1 7
7 1 8
8 1 9
9 1 10
10 1 11
11 1 12
12 1 13
13 1 14
14 1 15
15 1 16
16 1 17
17 1 18
18 1 19
19 1 20
20 1 21
21 1 22
22 1 23
23 1 24
24 1 25
25 1 26
26 1 27
27 1 28
28 1 29
29 1 30
30 1 31
31 1 32
32 1 33
33 1 34
34 1 35
35 1 36
36 1 37
37 1 38
38 1 39
39 1 40
40 1 41
41 1 42
42 1 43
43 1 44
44 1 45
45 1 46
46 1 47
47 1 48
48 1 49
49 1 50
50 1 51
51 1 52
52 1 53
53 1 54
54 1 55
55 1 56
56 1 57
57 1 58
58 1 59
59 1 60
60 1 61
61 1 62
62 1 63
63 1 64
64 1 65
65 1 66
66 1 67
67 1 68
68 1 69
69 1 70
70 1 71
71 1 72
72 1 73
73 1 74
74 1 75
75 1 76
76 1 77
77 1 78
78 1 79
79 1 80
80 1 81
81 1 82
82 1 83
83 1 84
84 1 85
85 1 86
86 1 87
87 1 88
88 1 89
89 1 90
90 1 91
91 1 92
92 1 93
93 1 94
94 1 95
96 1 97
97 1 98
98 1 99

68 64
4 1 1
5 1 2
6 1 4
7 4 1 3 4 5
8 4 1 3 4 5
9 2 4 6
10 2 6 7
11 6 1 2 5 7 8 9
12 6 1 2 3 4 9 10
13 5 2 5 8 9 11
14 5 2 5 8 10 11
15 7 1 5 6 8 10 12 13
16 4 7 11 12 13
17 9 1 2 4 5 6 10 11 13 14
18 8 1 5 8 11 12 13 14 15
19 13 1 2 3 4 5 6 7 8 9 11 12 14 15
20 7 2 3 7 11 15 17 18
21 13 2 3 4 6 7 8 10 11 12 14 17 18 19
22 8 2 4 9 11 15 17 18 20
23 7 2 3 5 9 17 18 19
24 9 1 2 3 4 5 7 9 14 16
25 14 2 3 4 6 7 9 11 12 14 15 16 18 20 23
26 12 1 4 5 6 14 17 18 19 21 22 23 24
27 9 2 6 9 10 11 12 16 17 20
28 12 4 6 10 13 14 15 17 18 21 22 23 24
29 16 5 7 9 10 11 12 15 16 17 18 20 21 22 24 25 27
30 15 2 3 4 5 6 8 12 14 16 17 18 20 21 22 27
31 17 2 5 6 8 9 10 11 12 14 15 17 18 19 22 24 25 29
32 14 2 3 5 6 8 9 13 15 16 17 22 23 25 26
33 17 1 4 5 6 7 8 9 13 14 15 16 17 21 22 24 29 31
34 14 3 5 7 8 13 14 16 18 19 21 23 27 29 30
35 13 3 7 11 13 15 16 17 21 22 27 29 30 31
36 14 1 2 3 9 11 15 17 18 19 21 26 29 30 34
37 16 1 3 4 6 9 12 16 18 20 21 22 29 31 32 33 34
38 21 2 4 7 8 10 13 15 17 19 20 21 23 24 25 26 27 29 30 33 34 36
39 22 4 6 7 9 11 12 13 15 16 18 19 20 21 22 24 29 30 31 33 34 35 36
40 14 2 4 5 8 10 13 16 18 19 24 26 29 30 38
41 17 1 3 4 5 8 10 11 18 19 21 22 23 25 27 29 32 34
42 18 5 7 8 9 13 17 18 20 21 22 24 25 27 28 31 36 37 38
43 23 2 3 7 8 9 10 12 13 14 15 16 19 20 23 25 26 27 28 29 31 37 38 41
44 23 2 5 6 7 9 10 11 12 13 14 15 17 19 20 22 25 26 28 29 36 40 41 42
45 26 1 3 4 5 6 7 8 9 14 17 18 19 20 21 22 24 25 28 29 30 33 36 37 38 40 42
46 24 4 7 8 10 11 12 14 15 16 18 19 22 25 26 28 29 34 35 36 37 38 40 42 43
47 24 5 6 7 8 9 11 12 15 18 20 21 22 23 24 28 30 33 35 36 37 38 39 41 42
48 25 1 4 5 6 7 8 12 13 14 17 18 21 24 25 26 27 32 33 34 35 37 38 39 41 45
49 18 1 4 5 6 7 9 11 26 27 28 30 34 37 38 40 43 45 46
50 23 2 4 6 15 17 18 19 21 22 23 25 26 27 28 33 34 35 36 37 43 45 47 48
51 28 3 5 6 8 9 11 12 13 14 15 16 17 19 23 25 26 27 28 30 34 35 36 37 38 43 44 47 48
52 25 1 2 3 8 10 12 13 16 18 19 23 26 29 32 33 34 35 36 37 40 41 42 45 46 49
53 23 1 4 5 10 11 15 16 17 18 19 20 24 25 27 30 31 37 41 42 44 48 49 51
54 21 5 6 7 9 10 12 13 14 16 17 19 20 21 23 26 34 39 40 43 51 52
55 33 1 3 4 5 6 8 10 11 14 17 19 20 21 22 23 25 27 28 31 34 36 38 40 41 43 44 45 46 47 48 49 50 53
56 32 2 3 4 7 9 10 11 12 15 16 17 18 19 20 22 24 25 28 29 30 34 36 38 39 41 42 44 46 48 51 53 54
57 28 4 7 9 10 11 12 14 15 16 17 20 22 24 25 27 28 31 33 34 35 36 38 39 41 45 47 48 51
58 21 1 3 6 7 10 17 20 25 26 27 31 34 35 36 39 43 45 46 49 53 54
59 28 1 2 3 4 5 8 9 11 13 15 16 18 19 20 21 23 27 31 35 36 39 40 42 50 54 55 56 57
60 25 2 3 5 6 7 9 11 13 15 17 19 20 23 25 26 27 33 34 38 39 46 47 53 57 58
61 36 1 2 4 7 8 10 11 14 16 18 19 22 23 24 26 27 28 31 34 35 36 37 38 40 41 43 44 45 46 48 49 51 54 56 57 58
62 33 2 5 8 10 21 22 24 25 26 28 29 30 31 32 33 34 36 38 39 40 41 42 43 49 51 52 53 54 55 56 58 59 60
63 28 1 2 3 7 8 12 14 16 17 20 22 24 28 29 34 35 36 38 42 43 44 45 46 47 55 56 57 58
64 30 3 7 8 9 13 14 17 19 20 21 24 25 26 30 31 33 34 36 40 41 42 43 44 49 52 55 57 58 60 61
65 25 1 2 4 14 16 17 18 19 21 27 28 31 33 36 38 45 47 48 49 52 54 59 60 61 62
66 31 1 3 5 8 10 11 13 15 17 19 23 25 26 27 28 30 32 33 38 39 40 41 42 44 45 47 50 53 54 57 62
67 35 2 5 6 7 8 9 10 11 15 17 18 19 23 24 26 29 30 34 35 36 38 40 42 44 45 47 48 54 55 56 57 59 61 62 65

85 84
1 28 28 55 40 15 81 27 6 3 48 67 76 21 69 53 82 65 63 19 2 17 36 22 45 49 35 51 11 38
2 25 28 55 39 40 79 15 81 52 27 72 6 85 25 48 8 76 21 69 53 16 42 82 65 24 71
3 7 28 39 40 79 81 72 6
4 12 28 55 79 81 52 27 72 6 85 25 34 8
5 29 28 40 79 15 81 52 27 72 3 34 67 8 76 21 69 53 23 16 42 65 71 63 2 17 36 78 22 45 26
6 8 28 40 79 15 81 52 27 72
7 19 55 75 39 40 79 15 81 72 6 3 85 25 48 67 8 21 69 43 53
8 9 28 40 15 81 52 27 72 3 67
9 41 40 15 81 52 6 85 25 34 8 21 69 53 23 16 82 65 24 63 14 19 2 36 22 45 49 35 51 29 11 84 1 46 83 33 44 30 47 50 56 20 68
10 40 28 55 39 40 15 81 27 72 6 85 25 48 67 76 21 53 23 42 65 24 63 19 2 17 36 22 45 49 35 51 11 38 84 58 46 73 60 18 30 47
11 27 39 40 15 81 27 72 3 85 25 48 67 21 23 7 42 82 65 63 14 19 2 36 78 22 45 35 29
12 35 28 79 15 81 52 72 3 25 67 21 69 53 7 16 42 82 65 14 19 2 17 36 22 45 35 51 11 38 84 46 33 60 18 30 47
13 40 28 40 15 81 52 27 72 6 3 85 25 34 67 8 76 21 69 53 7 42 82 65 63 14 19 2 17 36 22 45 35 61 51 29 11 84 1 58 83 33
14 19 28 40 15 81 52 27 72 57 25 48 67 21 69 53 7 42 82 65 63
15 3 28 55 79
16 18 40 79 15 81 52 27 72 6 25 48 67 8 76 21 69 53 23 7
17 22 28 39 40 79 15 81 52 27 72 6 85 57 25 48 21 53 23 16 82 65 63 19
18 34 28 40 79 81 27 85 25 48 76 21 43 53 23 7 42 65 24 63 14 19 17 36 78 22 45 49 26 54 29 11 84 46 73 60
19 23 28 55 75 39 40 79 15 81 52 6 85 25 48 67 21 69 53 23 16 42 82 65 63
20 39 40 81 72 6 85 25 34 67 8 21 53 23 16 42 82 65 24 71 63 2 17 78 22 45 49 5 35 54 51 11 84 73 83 60 13 30 62 47 56
21 13 28 39 40 79 15 81 27 72 6 85 25 67 8
22 29 28 55 79 15 81 27 72 6 25 67 76 31 21 43 53 23 7 16 42 82 65 24 71 63 14 19 2 17 36
23 18 28 55 40 15 81 27 72 6 3 85 25 34 67 8 76 21 69 53
24 21 28 40 15 81 52 27 72 6 3 85 25 67 8 21 69 53 23 16 42 82 65
25 8 28 40 79 15 81 27 72 85
26 29 39 40 81 52 27 6 3 85 57 25 67 8 76 21 69 53 23 16 42 65 24 63 14 2 17 78 22 45 49
27 6 39 40 79 15 81 52
29 30 28 55 40 79 15 81 52 27 72 6 85 25 67 8 76 21 43 23 65 63 14 19 17 78 22 45 49 5 35 54
30 38 28 40 15 81 27 72 6 3 85 25 34 48 67 8 76 21 69 53 23 42 82 65 71 63 14 19 2 17 36 78 22 45 29 11 84 1 83 44
31 15 28 55 40 15 81 52 27 72 6 85 25 48 67 8 76
32 25 28 74 39 40 79 81 27 72 6 3 85 57 48 67 8 21 69 53 23 42 82 65 63 14 19
33 40 28 39 40 15 81 52 27 72 6 3 85 34 67 8 76 21 53 23 7 16 42 82 65 63 14 19 2 78 22 45 49 5 35 54 11 1 58 46 73 83
34 10 28 55 39 40 79 52 27 6 3 25
35 25 28 55 40 79 81 27 72 3 85 25 48 67 21 53 23 16 82 65 14 2 17 78 22 45 49
36 24 28 55 40 79 81 52 27 72 6 25 67 8 76 21 53 16 42 82 65 63 14 19 2 17
37 49 28 39 40 79 15 81 27 72 6 85 25 34 67 8 76 21 43 53 23 42 82 65 71 63 14 19 17 78 22 45 49 26 5 35 54 59 51 29 11 38 84 46 73 83 33 18 44 30 47
38 33 28 74 55 39 40 79 15 81 27 72 3 85 25 67 8 21 23 7 82 65 63 14 19 36 22 45 49 35 54 61 51 29 11
39 3 28 80 55
40 1 28
41 41 28 55 39 40 79 15 81 52 27 72 6 3 25 67 8 21 53 16 42 82 65 19 2 78 22 45 5 54 51 29 11 46 83 44 30 10 50 56 9 70 64
42 17 28 40 15 52 27 72 6 3 85 25 67 8 76 21 53 23 7
43 16 28 55 40 79 15 81 27 72 6 3 25 34 48 8 76 69
44 38 55 40 79 81 52 27 72 6 85 25 34 67 76 21 69 23 16 42 82 65 24 63 2 32 17 36 78 22 45 35 54 29 11 1 46 73 83 33
45 29 28 39 40 79 15 27 72 85 25 67 8 76 31 21 69 53 23 16 42 65 24 71 63 19 2 17 36 78 22
46 40 28 55 40 79 15 27 72 6 3 25 34 48 67 8 31 21 69 53 23 7 42 65 63 14 19 2 17 36 78 22 45 49 5 54 59 51 29 11 38 1
47 43 28 40 79 15 27 72 6 3 25 34 48 67 8 76 69 53 23 16 42 65 14 19 36 78 22 45 49 26 5 35 51 29 11 84 1 58 73 83 60 18 13 44 30
48 11 28 40 79 15 81 27 72 6 3 25 34
49 28 28 39 40 79 81 27 6 3 85 25 67 8 76 21 69 53 23 7 42 82 65 24 63 14 19 17 78 22
50 45 28 40 79 15 81 27 72 6 3 85 25 34 48 67 21 69 53 23 16 42 82 65 71 14 19 2 17 78 22 45 49 5 54 51 29 11 84 1 73 83 33 60 44 30 47
51 29 28 55 40 79 15 52 72 6 3 25 34 8 76 21 69 53 23 7 16 42 65 14 19 2 32 78 22 45 5
52 7 28 55 39 40 79 15 81
53 16 28 40 79 81 52 27 72 6 3 85 25 34 48 67 8 21
54 26 40 15 81 27 3 57 25 48 67 8 21 43 53 23 16 42 65 71 19 2 17 36 22 45 49 35
55 1 28
56 43 28 40 79 15 81 27 72 85 25 34 67 8 76 21 69 43 53 7 42 82 65 24 63 19 2 17 78 22 45 51 29 11 38 84 1 46 83 33 60 44 62 47 50
57 10 28 40 79 15 81 52 27 72 3 85
58 34 55 39 40 79 81 72 3 85 25 67 8 76 21 69 43 53 23 16 42 82 65 63 2 17 36 78 22 45 49 5 51 11 84 1
59 30 40 79 15 81 52 27 72 3 85 25 48 67 8 4 76 21 69 53 23 7 16 42 82 65 19 17 36 22 45 35
60 39 28 39 40 79 15 81 52 27 72 6 85 57 25 67 8 21 69 53 23 7 16 42 65 24 71 63 19 17 78 22 45 49 5 35 54 11 1 46 73
61 30 28 39 40 79 15 27 72 6 3 85 57 25 48 67 21 69 53 23 16 42 65 24 63 19 32 78 22 45 35 54
62 39 28 79 15 81 27 72 3 85 25 48 67 8 76 21 23 16 42 82 65 24 63 14 19 2 17 78 22 45 49 35 51 29 11 84 1 46 83 44 30
63 21 28 80 55 39 40 81 52 27 72 6 3 25 48 67 8 21 53 16 42 82 65
64 39 28 74 75 40 15 81 27 72 6 85 25 48 67 8 76 21 23 42 19 2 22 45 49 54 11 1 46 73 83 33 60 44 30 62 47 50 56 9 70
65 19 28 40 79 15 81 52 27 72 6 85 48 67 21 69 53 23 16 42 82
66 41 28 40 15 81 27 72 6 85 25 34 21 53 23 16 82 24 63 14 2 17 36 78 22 45 49 54 51 11 84 46 73 83 60 18 44 30 62 10 37 50 9
67 9 28 79 15 81 72 6 3 85 25
68 39 28 40 15 81 52 27 72 6 3 85 57 25 34 8 21 69 53 23 42 82 65 63 14 19 2 78 22 45 5 35 51 11 1 83 44 30 62 47 77
69 15 28 55 40 79 15 81 52 72 6 85 25 34 8 76 21
70 42 28 79 81 27 72 3 85 25 48 67 8 21 69 53 23 7 16 42 82 24 19 2 32 17 36 22 45 49 5 35 29 11 46 73 83 18 30 47 50 56 68 9
71 22 28 40 79 81 27 72 3 85 25 48 67 4 31 43 53 23 7 16 42 82 65 24
72 9 28 80 39 40 79 15 81 52 27
73 39 28 55 39 40 79 15 81 52 27 72 6 3 85 25 34 48 8 76 21 53 23 7 82 65 24 63 14 2 17 36 78 22 45 54 29 11 38 1 46
74 1 28
75 2 28 55
76 12 28 40 79 81 27 72 3 25 34 48 67 8
77 39 28 55 79 15 81 27 72 6 3 25 48 8 21 69 43 53 23 16 42 82 65 24 14 19 36 22 5 35 54 51 11 38 84 46 83 60 44 30 47
78 27 55 40 79 15 81 52 27 72 3 85 25 48 67 8 76 21 53 23 16 65 24 71 63 14 2 17 36
79 3 28 55 40
80 1 28
81 4 74 40 79 15
82 19 28 40 79 15 81 27 72 6 3 85 25 67 76 21 53 23 7 16 42
83 36 28 40 79 15 81 27 6 25 34 67 8 21 69 53 7 16 42 65 24 63 14 19 2 17 36 78 22 45 49 26 59 11 38 84 1 46
84 33 28 55 40 79 15 81 52 27 6 3 85 57 25 48 67 8 53 7 16 42 65 71 63 19 2 17 22 45 49 35 54 11 38
85 9 28 55 40 79 15 81 27 72 3

49 48
1 25 14 23 42 28 15 10 38 6 7 21 37 2 44 41 29 26 43 22 13 25 46 20 39 33 18
2 8 14 23 42 16 17 38 6 7
3 14 14 23 17 15 10 6 7 21 37 2 31 29 26 43
4 7 14 23 5 10 38 37 2
5 2 14 23
6 6 14 23 42 17 28 10
7 5 14 28 15 38 6
8 13 14 42 17 28 10 38 6 7 21 37 2 31 26
9 24 14 23 17 28 38 6 7 37 2 44 29 26 43 8 34 13 25 46 19 20 39 36 45 1
10 6 14 23 42 16 17 28
11 19 14 16 17 28 15 38 6 21 2 44 12 31 29 26 43 8 35 22 34
12 11 14 23 42 47 15 10 38 6 7 2 41
13 16 14 16 17 28 6 7 2 29 26 43 8 35 24 22 34 27
15 4 14 23 42 17
16 2 14 23
17 2 14 23
18 18 14 15 10 6 7 21 26 3 8 22 13 11 25 46 19 20 39 33
19 17 23 28 15 10 38 6 7 21 44 48 29 26 8 35 22 25 46
20 20 14 23 16 17 15 10 38 6 7 21 2 26 43 3 8 35 27 13 25 46
21 7 47 17 28 15 10 6 7
22 15 14 23 47 17 28 38 6 7 21 2 44 29 26 43 8
23 1 14
24 12 14 10 6 7 21 37 2 29 26 43 8 35
25 21 14 23 16 17 28 15 38 6 7 21 37 2 4 41 29 26 43 8 22 34 13
26 10 28 15 10 38 6 7 21 44 48 29
27 14 23 17 28 15 10 38 6 21 2 44 29 26 43 35
28 3 14 16 17
29 10 14 23 28 38 6 21 37 2 41 48
30 16 14 42 28 38 6 21 2 44 41 48 26 43 8 35 27 13
31 10 14 23 16 10 38 6 7 21 37 2
32 19 15 6 7 21 2 41 29 26 43 8 35 22 11 25 20 39 33 18 36
33 24 14 23 16 28 38 6 21 2 44 31 29 26 43 8 35 24 22 27 40 25 46 19 20 39
34 17 14 23 28 10 38 6 7 21 37 44 41 29 26 43 8 35 22
35 16 14 47 17 28 15 38 6 7 21 37 2 44 12 29 26 8
36 20 14 23 28 15 6 7 21 37 2 44 29 26 43 3 8 27 13 25 20 39
37 7 14 23 42 47 38 6 21
38 3 14 17 28
39 17 14 38 6 7 37 44 48 29 26 8 35 22 13 25 46 19 20
40 15 42 47 17 28 15 10 6 7 37 29 26 43 3 8 35
41 7 14 23 28 38 6 7 2
42 2 14 23
43 13 14 23 42 28 10 38 6 7 21 2 41 29 26
44 6 28 38 6 7 21 37
45 25 14 23 17 28 10 38 6 21 2 41 29 26 43 3 8 22 34 27 13 25 46 19 39 33 18
46 20 14 16 17 28 10 38 6 7 21 2 41 29 26 43 8 35 24 27 13 25
47 3 14 23 42
48 7 14 23 38 6 21 2 12
49 9 14 47 28 15 10 38 6 7 37

96 55
62 8 76 71 73 89 65 95 84 70
61 9 80 63 93 88 64 95 76 86 70
60 7 74 64 63 95 82 70 80
59 8 95 83 76 78 79 94 74 90
58 7 71 92 69 75 84 87 66
57 9 82 95 66 72 77 85 76 75 62
56 5 81 95 83 85 77
55 6 70 86 94 95 68 60
54 9 57 72 87 80 90 79 71 78 65
53 7 61 71 58 73 91 55 77
52 8 80 68 74 60 67 56 82 71
51 8 93 74 58 80 78 73 64 53
50 2 57 60
49 5 58 96 50 51 83
48 8 85 74 94 78 63 86 87 62
47 2 94 52
46 2 82 92
45 5 83 49 61 85 69
44 6 70 74 87 56 75 57
43 3 87 63 51
42 5 63 75 44 83 59
41 2 88 86
40 4 54 89 86 79
39 4 73 43 45 66
32 4 73 79 45 46
31 3 65 45 32
30 4 32 70 96 92
29 5 80 64 58 72 56
28 3 50 47 67
27 8 48 40 70 62 93 37 66 50
26 2 37 59
25 4 26 75 52 83
24 7 91 59 84 90 56 27 92
23 5 24 34 40 93 81
22 5 42 57 52 83 34
21 9 72 60 84 31 77 86 64 76 56
20 2 76 37
19 3 28 40 86
18 7 39 28 37 34 86 53 21
17 2 64 31
16 7 35 80 79 23 92 25 43
15 5 96 75 54 27 68
14 3 93 31 46
13 6 44 19 86 31 73 32
12 2 78 92
11 5 15 21 32 18 25
10 1 56
9 1 32
8 4 75 54 22 86
7 6 68 58 30 40 55 94
6 8 54 88 63 76 45 13 78 70
5 4 15 66 37 42
4 8 8 41 29 76 17 11 46 55
3 9 45 21 19 56 68 67 91 30 66
2 2 45 57
